0.006097195374647923
0.00943359593560118
0.010976137432211364
0.011918449178653175
0.004852284138452018
0.00999365041257723
0.008504642004420594
0.005649914945083655
0.004969083872099743
0.010409913994219743
0.005036132227745765
0.003600132802942735
0.009802413905239607
0.007170680972680814
0.003532948199207727
0.004103941937220755
0.008524033665293942
0.007564927386115858
0.004049476710388951
0.005337546069664275
0.005521080869465007
0.008929668434470956
0.003875661107296208
0.003790599746293004
0.003316671321544726
0.009074669942974449
0.00736066559141674
0.006928033099243209
0.009802413905239607
0.011918449178653175