2.3561237107028822E-4
4.2052017439746535E-4
7.630540987368E-4
3.921517117303111E-4
0.0015993061532643543
3.359074632440226E-4
1.9492289545368043E-4
0.0013745809194622702
3.320095753124237E-4
7.135718794142248E-4
0.0020658148764996645
2.4366665389462673E-4
3.394870172791745E-4
4.480699822436112E-4
1.5542961646364663E-4
0.0012025160757952859
5.447258398091081E-4
6.384504956721514E-4
2.7432610931337587E-4
5.608820271626589E-4
1.533792195932653E-4
3.7477583821597784E-4
3.208491770735798E-5
2.6908086132264574E-4
2.6941177087837237E-4
6.908178961162124E-4
9.693928537990789E-4
3.642770413704144E-4
5.065654355810262E-4
8.328262154545609E-5
