0.011210442593877197
0.01936151944594731
0.013197606575200782
0.025571013014044505
0.030961806035275027
0.015149089263675353
0.032566497769173135
0.04340957715008524
0.020019101506113014
0.014001889906257432
0.015093240833521636
0.026431062014383784
0.01990231621013149
0.062155369244649254
0.014752123339492922
0.03049656454774475
0.016843095273718554
0.019266291512919354
0.007074623594071605
0.016441535050736117
0.012044714598680884
0.017977368389147787
0.037931160929115346
0.02721578702332551
0.012623311777571245
0.026950846018968057
0.030873264102113676
0.018426216780599868
0.05745653375564403
0.02443190052716876
