260.0 -31621.0 
260.0 -31621.0 
260.0 -31621.0 
257.0 -31529.0 
241.0 -30374.0 
264.0 -32051.0 
255.0 -31228.0 
223.0 -28783.0 
236.0 -29486.0 
228.0 -29019.0 
238.0 -30345.0 
241.0 -30374.0 
248.0 -30977.0 
264.0 -32051.0 
246.0 -30483.0 
231.0 -29354.0 
250.0 -31119.0 
258.0 -31299.0 
257.0 -31169.0 
227.0 -28502.0 
236.0 -29402.0 
236.0 -29402.0 
236.0 -29402.0 
236.0 -29402.0 
229.0 -29016.0 
228.0 -28772.0 
228.0 -28772.0 
228.0 -28772.0 
239.0 -29843.0 
239.0 -29843.0 
239.0 -29843.0 
240.0 -30196.0 
239.0 -29843.0 
238.0 -29812.0 
244.0 -30293.0 
243.0 -30204.0 
249.0 -30899.0 
249.0 -30899.0 
249.0 -30899.0 
249.0 -30899.0 
264.0 -31987.0 
248.0 -30481.0 
246.0 -30459.0 
232.0 -29307.0 
253.0 -31067.0 
255.0 -31104.0 
256.0 -31109.0 
252.0 -30994.0 
260.0 -31171.0 
260.0 -31171.0 
262.0 -31208.0 
231.0 -28817.0 
228.0 -28573.0 
228.0 -28573.0 
230.0 -28752.0 
241.0 -29886.0 
239.0 -29829.0 
238.0 -29784.0 
244.0 -30221.0 
249.0 -30673.0 
265.0 -31909.0 
265.0 -31909.0 
265.0 -31909.0 
265.0 -31909.0 
265.0 -31909.0 
265.0 -31909.0 
264.0 -31530.0 
265.0 -31909.0 
265.0 -31909.0 
248.0 -30344.0 
247.0 -30223.0 
247.0 -30223.0 
247.0 -30223.0 
247.0 -30223.0 
235.0 -29238.0 
235.0 -29238.0 
237.0 -29276.0 
232.0 -28859.0 
233.0 -28940.0 
257.0 -31044.0 
258.0 -31098.0 
253.0 -30808.0 
255.0 -30853.0 
255.0 -30853.0 
256.0 -30949.0 
229.0 -28549.0 
229.0 -28549.0 
267.0 -31906.0 
267.0 -31906.0 
261.0 -31073.0 
244.0 -30210.0 
265.0 -31538.0 
243.0 -29652.0 
238.0 -29629.0 
256.0 -30822.0 
232.0 -28786.0 
249.0 -30384.0 
235.0 -28904.0 
237.0 -29200.0 
252.0 -30640.0 
