322.0 -26757.0 
341.0 -27560.0 
285.0 -26337.0 
323.0 -27185.0 
309.0 -26661.0 
298.0 -26398.0 
344.0 -27515.0 
343.0 -27337.0 
323.0 -27023.0 
329.0 -27172.0 
323.0 -27023.0 
299.0 -25625.0 
303.0 -25796.0 
321.0 -26374.0 
308.0 -26270.0 
356.0 -27335.0 
329.0 -27098.0 
329.0 -27098.0 
351.0 -27156.0 
325.0 -26639.0 
325.0 -26639.0 
301.0 -25105.0 
303.0 -25715.0 
321.0 -26220.0 
310.0 -26110.0 
316.0 -26134.0 
310.0 -26110.0 
308.0 -26050.0 
329.0 -26936.0 
351.0 -27130.0 
327.0 -26518.0 
302.0 -24803.0 
302.0 -24803.0 
303.0 -25137.0 
321.0 -26181.0 
316.0 -26044.0 
314.0 -25831.0 
308.0 -25590.0 
336.0 -26786.0 
354.0 -27040.0 
354.0 -27040.0 
327.0 -26502.0 
307.0 -24897.0 
306.0 -24750.0 
316.0 -25966.0 
321.0 -26008.0 
315.0 -25604.0 
308.0 -25486.0 
337.0 -26758.0 
343.0 -26786.0 
369.0 -26924.0 
357.0 -26815.0 
327.0 -26087.0 
327.0 -26087.0 
328.0 -26135.0 
331.0 -26267.0 
307.0 -24626.0 
325.0 -25973.0 
321.0 -25878.0 
319.0 -25582.0 
310.0 -25459.0 
308.0 -25009.0 
309.0 -25431.0 
337.0 -26483.0 
344.0 -26714.0 
344.0 -26714.0 
368.0 -26809.0 
367.0 -26721.0 
368.0 -26809.0 
327.0 -25987.0 
333.0 -26233.0 
307.0 -24576.0 
325.0 -25839.0 
321.0 -25654.0 
309.0 -25182.0 
311.0 -25379.0 
310.0 -25272.0 
339.0 -26407.0 
344.0 -26554.0 
354.0 -26712.0 
370.0 -26724.0 
375.0 -26773.0 
327.0 -25932.0 
336.0 -26118.0 
324.0 -25583.0 
309.0 -25069.0 
311.0 -25377.0 
371.0 -26641.0 
311.0 -25021.0 
313.0 -25346.0 
351.0 -26543.0 
324.0 -25516.0 
336.0 -25975.0 
329.0 -25787.0 
348.0 -26429.0 
338.0 -26095.0 
327.0 -25731.0 
326.0 -25562.0 
341.0 -26153.0 
342.0 -26281.0 
