321.0 -26220.0 
322.0 -26757.0 
329.0 -27098.0 
299.0 -25625.0 
310.0 -26110.0 
356.0 -27335.0 
316.0 -26134.0 
310.0 -26110.0 
325.0 -26639.0 
354.0 -27040.0 
344.0 -26714.0 
301.0 -25105.0 
316.0 -26044.0 
310.0 -25459.0 
327.0 -26518.0 
369.0 -26924.0 
357.0 -26815.0 
344.0 -26554.0 
307.0 -24897.0 
308.0 -25009.0 
309.0 -25069.0 
325.0 -25973.0 
316.0 -25966.0 
311.0 -25379.0 
327.0 -26502.0 
368.0 -26809.0 
352.0 -26513.0 
307.0 -24626.0 
319.0 -25582.0 
325.0 -25839.0 
321.0 -25654.0 
311.0 -25377.0 
327.0 -26087.0 
351.0 -26364.0 
327.0 -26087.0 
328.0 -26135.0 
346.0 -26284.0 
370.0 -26724.0 
364.0 -26377.0 
324.0 -25456.0 
312.0 -24920.0 
312.0 -24920.0 
311.0 -24633.0 
312.0 -24920.0 
315.0 -25266.0 
359.0 -26329.0 
327.0 -25987.0 
336.0 -26118.0 
354.0 -26252.0 
349.0 -26192.0 
354.0 -26252.0 
373.0 -26534.0 
373.0 -26534.0 
383.0 -26560.0 
324.0 -25415.0 
314.0 -24453.0 
319.0 -25253.0 
318.0 -24624.0 
315.0 -24595.0 
360.0 -26262.0 
327.0 -25932.0 
336.0 -25975.0 
350.0 -26161.0 
374.0 -26514.0 
385.0 -26518.0 
325.0 -25366.0 
319.0 -24954.0 
316.0 -24585.0 
315.0 -24457.0 
373.0 -26209.0 
368.0 -26192.0 
327.0 -25731.0 
329.0 -25787.0 
340.0 -25809.0 
345.0 -25934.0 
361.0 -25979.0 
362.0 -26092.0 
380.0 -26441.0 
383.0 -26490.0 
374.0 -26240.0 
374.0 -26240.0 
326.0 -25264.0 
321.0 -24917.0 
320.0 -24766.0 
317.0 -24061.0 
318.0 -24422.0 
387.0 -26120.0 
387.0 -26120.0 
320.0 -23860.0 
320.0 -23860.0 
321.0 -24577.0 
327.0 -25194.0 
359.0 -25868.0 
322.0 -24878.0 
346.0 -25840.0 
366.0 -26032.0 
328.0 -25658.0 
380.0 -26096.0 
372.0 -26076.0 
340.0 -25797.0 
