266.0 -30150.0 
252.0 -29453.0 
279.0 -30595.0 
262.0 -29945.0 
279.0 -30595.0 
274.0 -30487.0 
243.0 -28145.0 
274.0 -30487.0 
290.0 -31056.0 
274.0 -30487.0 
247.0 -28242.0 
248.0 -28863.0 
260.0 -29633.0 
273.0 -29999.0 
258.0 -29366.0 
253.0 -29200.0 
253.0 -29200.0 
270.0 -29848.0 
270.0 -29848.0 
270.0 -29848.0 
270.0 -29848.0 
263.0 -29800.0 
271.0 -29871.0 
288.0 -30353.0 
295.0 -30382.0 
276.0 -30326.0 
251.0 -28775.0 
249.0 -28130.0 
249.0 -28130.0 
249.0 -28130.0 
248.0 -27793.0 
250.0 -28464.0 
249.0 -28130.0 
260.0 -29545.0 
274.0 -29968.0 
253.0 -28783.0 
258.0 -29055.0 
255.0 -28842.0 
272.0 -29839.0 
271.0 -29618.0 
276.0 -30235.0 
276.0 -30235.0 
287.0 -30281.0 
251.0 -28517.0 
248.0 -27562.0 
249.0 -28039.0 
262.0 -29468.0 
254.0 -28573.0 
255.0 -28709.0 
274.0 -29718.0 
271.0 -29611.0 
279.0 -30173.0 
276.0 -30122.0 
316.0 -30257.0 
302.0 -30248.0 
316.0 -30257.0 
294.0 -30233.0 
292.0 -30227.0 
290.0 -30223.0 
253.0 -28178.0 
250.0 -27933.0 
249.0 -27814.0 
250.0 -27933.0 
264.0 -29454.0 
262.0 -29293.0 
254.0 -28334.0 
255.0 -28667.0 
271.0 -29590.0 
276.0 -29911.0 
284.0 -29949.0 
287.0 -30097.0 
306.0 -30236.0 
293.0 -30206.0 
292.0 -30168.0 
297.0 -30211.0 
297.0 -30211.0 
252.0 -27618.0 
252.0 -27618.0 
252.0 -27618.0 
250.0 -27490.0 
267.0 -29351.0 
266.0 -29309.0 
264.0 -29244.0 
264.0 -29244.0 
265.0 -29265.0 
299.0 -30209.0 
252.0 -27547.0 
252.0 -27547.0 
255.0 -28631.0 
264.0 -29231.0 
254.0 -28089.0 
271.0 -29380.0 
288.0 -29995.0 
253.0 -27610.0 
276.0 -29855.0 
280.0 -29860.0 
286.0 -29888.0 
274.0 -29556.0 
294.0 -30124.0 
295.0 -30154.0 
