316.0 -26044.0 
321.0 -26220.0 
322.0 -26757.0 
329.0 -27098.0 
299.0 -25625.0 
325.0 -26639.0 
354.0 -27040.0 
310.0 -25459.0 
319.0 -25582.0 
301.0 -25105.0 
327.0 -26087.0 
325.0 -25839.0 
351.0 -26364.0 
327.0 -26087.0 
370.0 -26724.0 
311.0 -25379.0 
324.0 -25456.0 
307.0 -24897.0 
308.0 -25009.0 
360.0 -26262.0 
327.0 -25932.0 
373.0 -26534.0 
311.0 -25377.0 
361.0 -25979.0 
328.0 -25658.0 
340.0 -25809.0 
359.0 -25868.0 
380.0 -26441.0 
383.0 -26490.0 
373.0 -26209.0 
374.0 -26240.0 
312.0 -24920.0 
312.0 -24920.0 
311.0 -24633.0 
312.0 -24920.0 
315.0 -25266.0 
325.0 -25366.0 
368.0 -25922.0 
366.0 -25921.0 
332.0 -25589.0 
331.0 -25495.0 
340.0 -25797.0 
361.0 -25836.0 
382.0 -25960.0 
387.0 -26120.0 
387.0 -26120.0 
319.0 -25253.0 
318.0 -24624.0 
316.0 -24585.0 
379.0 -25857.0 
375.0 -25848.0 
332.0 -25542.0 
331.0 -25453.0 
340.0 -25584.0 
343.0 -25716.0 
382.0 -25902.0 
384.0 -25923.0 
390.0 -25951.0 
329.0 -25060.0 
322.0 -24817.0 
317.0 -24061.0 
321.0 -24577.0 
377.0 -25810.0 
339.0 -25518.0 
334.0 -25486.0 
331.0 -25160.0 
363.0 -25687.0 
375.0 -25704.0 
345.0 -25557.0 
326.0 -24673.0 
323.0 -24606.0 
320.0 -23860.0 
320.0 -23860.0 
320.0 -23860.0 
321.0 -24060.0 
381.0 -25756.0 
385.0 -25806.0 
385.0 -25806.0 
337.0 -25371.0 
331.0 -25134.0 
331.0 -25134.0 
374.0 -25686.0 
366.0 -25625.0 
354.0 -25526.0 
348.0 -25517.0 
348.0 -25517.0 
328.0 -24605.0 
326.0 -24420.0 
323.0 -24232.0 
384.0 -25699.0 
323.0 -23949.0 
345.0 -25313.0 
332.0 -24954.0 
333.0 -25063.0 
330.0 -24349.0 
353.0 -25351.0 
376.0 -25637.0 
363.0 -25371.0 
368.0 -25484.0 
329.0 -24045.0 
