269.0 -28162.0 
301.0 -29111.0 
280.0 -28597.0 
323.0 -30026.0 
299.0 -28983.0 
307.0 -29597.0 
268.0 -27827.0 
291.0 -28696.0 
257.0 -27177.0 
281.0 -28540.0 
327.0 -29778.0 
316.0 -29262.0 
310.0 -29001.0 
280.0 -27804.0 
307.0 -28620.0 
273.0 -26779.0 
274.0 -26908.0 
284.0 -27847.0 
288.0 -28209.0 
302.0 -28265.0 
305.0 -28364.0 
316.0 -29186.0 
315.0 -28963.0 
280.0 -26943.0 
283.0 -27372.0 
311.0 -28475.0 
279.0 -26793.0 
274.0 -26104.0 
275.0 -26560.0 
277.0 -26582.0 
286.0 -27698.0 
288.0 -27926.0 
288.0 -27926.0 
297.0 -28144.0 
304.0 -28171.0 
307.0 -28241.0 
317.0 -29184.0 
315.0 -28766.0 
283.0 -26834.0 
313.0 -28416.0 
279.0 -26152.0 
280.0 -26452.0 
286.0 -26898.0 
288.0 -27573.0 
292.0 -27777.0 
300.0 -28041.0 
299.0 -27885.0 
297.0 -27806.0 
305.0 -28086.0 
318.0 -29111.0 
322.0 -29118.0 
316.0 -28520.0 
284.0 -26479.0 
285.0 -26666.0 
313.0 -28360.0 
315.0 -28386.0 
279.0 -25865.0 
279.0 -25865.0 
282.0 -26294.0 
281.0 -26280.0 
280.0 -25916.0 
287.0 -26727.0 
289.0 -27043.0 
291.0 -27408.0 
295.0 -27627.0 
293.0 -27506.0 
294.0 -27547.0 
297.0 -27773.0 
310.0 -27958.0 
306.0 -27880.0 
319.0 -28894.0 
318.0 -28809.0 
326.0 -29083.0 
341.0 -29085.0 
326.0 -29083.0 
323.0 -29033.0 
285.0 -26337.0 
285.0 -26337.0 
285.0 -26337.0 
285.0 -26337.0 
316.0 -28335.0 
283.0 -26225.0 
284.0 -26233.0 
287.0 -26718.0 
292.0 -26970.0 
294.0 -27258.0 
302.0 -27726.0 
298.0 -27439.0 
298.0 -27439.0 
299.0 -27549.0 
313.0 -27871.0 
309.0 -27858.0 
308.0 -27740.0 
322.0 -28874.0 
318.0 -28630.0 
328.0 -29064.0 
316.0 -28249.0 
283.0 -25841.0 
284.0 -25935.0 
328.0 -28946.0 
