269.0 -28162.0 
316.0 -29262.0 
301.0 -29111.0 
280.0 -28597.0 
323.0 -30026.0 
299.0 -28983.0 
273.0 -26779.0 
274.0 -26908.0 
310.0 -29001.0 
318.0 -29111.0 
284.0 -27847.0 
280.0 -26943.0 
288.0 -28209.0 
302.0 -28265.0 
305.0 -28364.0 
307.0 -28620.0 
279.0 -26793.0 
274.0 -26104.0 
315.0 -28963.0 
326.0 -29083.0 
341.0 -29085.0 
326.0 -29083.0 
286.0 -27698.0 
283.0 -26834.0 
288.0 -27926.0 
288.0 -27926.0 
300.0 -28041.0 
304.0 -28171.0 
313.0 -28416.0 
279.0 -26152.0 
280.0 -26452.0 
315.0 -28766.0 
319.0 -28894.0 
318.0 -28809.0 
328.0 -29064.0 
286.0 -26898.0 
284.0 -26479.0 
299.0 -27885.0 
288.0 -27573.0 
292.0 -27777.0 
305.0 -28086.0 
313.0 -28360.0 
279.0 -25865.0 
282.0 -26294.0 
281.0 -26280.0 
280.0 -25916.0 
316.0 -28520.0 
322.0 -28874.0 
318.0 -28630.0 
287.0 -26727.0 
285.0 -26337.0 
285.0 -26337.0 
285.0 -26337.0 
285.0 -26337.0 
289.0 -27043.0 
291.0 -27408.0 
297.0 -27773.0 
295.0 -27627.0 
310.0 -27958.0 
306.0 -27880.0 
283.0 -26225.0 
284.0 -26233.0 
316.0 -28249.0 
324.0 -28712.0 
327.0 -28817.0 
326.0 -28783.0 
318.0 -28421.0 
287.0 -26718.0 
292.0 -26970.0 
294.0 -27258.0 
302.0 -27726.0 
298.0 -27439.0 
298.0 -27439.0 
299.0 -27549.0 
310.0 -27831.0 
315.0 -27848.0 
283.0 -25841.0 
284.0 -25935.0 
317.0 -28090.0 
346.0 -28793.0 
342.0 -28706.0 
334.0 -28688.0 
342.0 -28706.0 
326.0 -28525.0 
333.0 -28660.0 
321.0 -28346.0 
287.0 -26474.0 
290.0 -26539.0 
288.0 -26535.0 
292.0 -26541.0 
297.0 -27190.0 
295.0 -26566.0 
309.0 -27603.0 
299.0 -27492.0 
300.0 -27535.0 
314.0 -27809.0 
310.0 -27762.0 
285.0 -25844.0 
343.0 -28681.0 
297.0 -26687.0 
