374.0 -22929.0 
361.0 -22112.0 
380.0 -23762.0 
374.0 -22547.0 
369.0 -21405.0 
371.0 -21984.0 
380.0 -22631.0 
382.0 -23122.0 
390.0 -23545.0 
379.0 -22144.0 
378.0 -21723.0 
388.0 -22922.0 
382.0 -22870.0 
388.0 -22922.0 
427.0 -23128.0 
426.0 -23015.0 
382.0 -22152.0 
406.0 -22904.0 
402.0 -22668.0 
427.0 -23028.0 
383.0 -21976.0 
426.0 -22894.0 
411.0 -22289.0 
411.0 -22289.0 
407.0 -22279.0 
421.0 -22586.0 
414.0 -22322.0 
423.0 -22629.0 
385.0 -21725.0 
402.0 -21829.0 
401.0 -21757.0 
383.0 -21430.0 
394.0 -21752.0 
430.0 -22813.0 
412.0 -22044.0 
421.0 -22244.0 
420.0 -22223.0 
423.0 -22439.0 
387.0 -21648.0 
408.0 -21813.0 
386.0 -21124.0 
384.0 -20793.0 
403.0 -21699.0 
444.0 -22446.0 
420.0 -22001.0 
421.0 -22154.0 
432.0 -22251.0 
441.0 -22259.0 
388.0 -21573.0 
413.0 -21776.0 
416.0 -21777.0 
411.0 -21709.0 
384.0 -20679.0 
408.0 -21697.0 
446.0 -22331.0 
422.0 -21921.0 
424.0 -22115.0 
437.0 -22250.0 
402.0 -21547.0 
391.0 -21402.0 
415.0 -21747.0 
413.0 -21736.0 
390.0 -20623.0 
408.0 -21548.0 
423.0 -21842.0 
435.0 -22044.0 
439.0 -22202.0 
407.0 -21539.0 
391.0 -21036.0 
406.0 -21221.0 
403.0 -21077.0 
404.0 -21088.0 
421.0 -21660.0 
431.0 -21779.0 
437.0 -21799.0 
440.0 -21967.0 
446.0 -22022.0 
410.0 -21222.0 
411.0 -21479.0 
400.0 -21026.0 
391.0 -20611.0 
400.0 -21026.0 
399.0 -20832.0 
406.0 -21202.0 
421.0 -21578.0 
431.0 -21689.0 
441.0 -21899.0 
446.0 -21995.0 
446.0 -21995.0 
393.0 -20208.0 
448.0 -21839.0 
438.0 -21676.0 
394.0 -20594.0 
413.0 -21324.0 
417.0 -21453.0 
425.0 -21531.0 
433.0 -21535.0 
407.0 -21170.0 
403.0 -20838.0 
401.0 -20717.0 
