250.0 -27933.0 
254.0 -28573.0 
294.0 -30233.0 
255.0 -28709.0 
270.0 -29848.0 
249.0 -27814.0 
292.0 -30227.0 
316.0 -30257.0 
250.0 -27933.0 
270.0 -29848.0 
253.0 -28178.0 
274.0 -29968.0 
258.0 -29366.0 
257.0 -28481.0 
293.0 -30206.0 
252.0 -27618.0 
271.0 -29611.0 
281.0 -29841.0 
290.0 -29943.0 
266.0 -28784.0 
259.0 -28530.0 
259.0 -28530.0 
258.0 -27778.0 
295.0 -30154.0 
252.0 -27547.0 
253.0 -27610.0 
272.0 -29519.0 
290.0 -29912.0 
267.0 -28547.0 
262.0 -28415.0 
259.0 -28265.0 
298.0 -30140.0 
298.0 -30140.0 
297.0 -30115.0 
253.0 -27333.0 
272.0 -29102.0 
287.0 -29504.0 
287.0 -29504.0 
272.0 -29102.0 
276.0 -29390.0 
287.0 -29504.0 
285.0 -29439.0 
290.0 -29892.0 
268.0 -28448.0 
269.0 -28489.0 
263.0 -28272.0 
266.0 -28337.0 
260.0 -28073.0 
323.0 -30026.0 
320.0 -29973.0 
323.0 -30026.0 
257.0 -27177.0 
255.0 -27133.0 
255.0 -27133.0 
256.0 -27146.0 
255.0 -27133.0 
258.0 -27276.0 
255.0 -27133.0 
273.0 -28788.0 
272.0 -28760.0 
277.0 -29017.0 
284.0 -29286.0 
276.0 -28896.0 
288.0 -29503.0 
285.0 -29417.0 
290.0 -29705.0 
291.0 -29807.0 
306.0 -29826.0 
311.0 -29892.0 
265.0 -28271.0 
269.0 -28326.0 
262.0 -27899.0 
260.0 -27526.0 
264.0 -27977.0 
325.0 -29955.0 
258.0 -27060.0 
273.0 -28765.0 
273.0 -28765.0 
274.0 -28768.0 
272.0 -28421.0 
282.0 -28924.0 
279.0 -28835.0 
286.0 -28946.0 
287.0 -29015.0 
290.0 -29232.0 
291.0 -29763.0 
311.0 -29835.0 
316.0 -29866.0 
267.0 -27978.0 
269.0 -28162.0 
263.0 -27798.0 
260.0 -27411.0 
261.0 -27463.0 
265.0 -27886.0 
264.0 -27878.0 
258.0 -27013.0 
321.0 -29852.0 
263.0 -27796.0 
306.0 -29734.0 
262.0 -27036.0 
