259.0 -30372.0 
261.0 -30394.0 
238.0 -29309.0 
261.0 -30394.0 
234.0 -28450.0 
239.0 -29843.0 
269.0 -31818.0 
258.0 -29981.0 
269.0 -31818.0 
265.0 -31096.0 
260.0 -30197.0 
238.0 -28695.0 
238.0 -28695.0 
238.0 -28695.0 
263.0 -30315.0 
236.0 -28281.0 
243.0 -29652.0 
239.0 -29005.0 
241.0 -29290.0 
251.0 -29832.0 
250.0 -29724.0 
258.0 -29925.0 
301.0 -31314.0 
271.0 -31265.0 
265.0 -30846.0 
265.0 -30846.0 
267.0 -31051.0 
265.0 -30846.0 
262.0 -30072.0 
262.0 -30072.0 
238.0 -28437.0 
264.0 -30106.0 
237.0 -28260.0 
244.0 -29395.0 
242.0 -29045.0 
256.0 -29766.0 
252.0 -29453.0 
252.0 -29453.0 
252.0 -29453.0 
258.0 -29831.0 
302.0 -31314.0 
279.0 -31260.0 
274.0 -30929.0 
276.0 -30940.0 
269.0 -30411.0 
266.0 -30150.0 
266.0 -30150.0 
266.0 -30150.0 
271.0 -30605.0 
271.0 -30605.0 
271.0 -30605.0 
262.0 -29961.0 
240.0 -28054.0 
240.0 -28054.0 
240.0 -28054.0 
245.0 -29351.0 
242.0 -28473.0 
244.0 -28825.0 
257.0 -29747.0 
257.0 -29747.0 
254.0 -29390.0 
258.0 -29749.0 
287.0 -31140.0 
288.0 -31259.0 
278.0 -30771.0 
266.0 -30105.0 
269.0 -30124.0 
269.0 -30124.0 
266.0 -30105.0 
273.0 -30536.0 
277.0 -30575.0 
262.0 -29945.0 
262.0 -29945.0 
240.0 -27997.0 
245.0 -29190.0 
250.0 -29295.0 
243.0 -28402.0 
242.0 -28365.0 
244.0 -28671.0 
257.0 -29327.0 
256.0 -29302.0 
260.0 -29633.0 
260.0 -29633.0 
258.0 -29547.0 
258.0 -29547.0 
297.0 -31152.0 
297.0 -31152.0 
290.0 -31056.0 
290.0 -31056.0 
290.0 -31056.0 
289.0 -30998.0 
297.0 -31152.0 
279.0 -30595.0 
279.0 -30595.0 
270.0 -30091.0 
266.0 -29985.0 
268.0 -30058.0 
273.0 -30397.0 
274.0 -30532.0 
242.0 -28239.0 
