249.0 -28130.0 
249.0 -28130.0 
266.0 -30150.0 
252.0 -29453.0 
279.0 -30595.0 
249.0 -28130.0 
251.0 -28775.0 
248.0 -27562.0 
262.0 -29945.0 
279.0 -30595.0 
274.0 -30487.0 
258.0 -29366.0 
253.0 -28783.0 
250.0 -27933.0 
249.0 -27814.0 
250.0 -27933.0 
251.0 -28517.0 
262.0 -29468.0 
270.0 -29848.0 
270.0 -29848.0 
276.0 -30235.0 
274.0 -29968.0 
288.0 -30353.0 
258.0 -29055.0 
254.0 -28573.0 
255.0 -28709.0 
253.0 -28178.0 
252.0 -27618.0 
252.0 -27618.0 
252.0 -27618.0 
264.0 -29454.0 
271.0 -29611.0 
272.0 -29839.0 
280.0 -29852.0 
316.0 -30257.0 
302.0 -30248.0 
294.0 -30233.0 
292.0 -30227.0 
316.0 -30257.0 
288.0 -29995.0 
254.0 -28334.0 
255.0 -28531.0 
255.0 -28531.0 
263.0 -28569.0 
252.0 -27547.0 
253.0 -27610.0 
267.0 -29351.0 
266.0 -29309.0 
264.0 -29244.0 
271.0 -29590.0 
279.0 -29791.0 
281.0 -29841.0 
306.0 -30236.0 
293.0 -30206.0 
292.0 -30168.0 
297.0 -30211.0 
297.0 -30211.0 
290.0 -29943.0 
254.0 -28089.0 
257.0 -28481.0 
259.0 -28530.0 
259.0 -28530.0 
255.0 -28192.0 
253.0 -27333.0 
265.0 -28989.0 
269.0 -29228.0 
267.0 -29064.0 
272.0 -29519.0 
272.0 -29519.0 
274.0 -29556.0 
286.0 -29726.0 
295.0 -30154.0 
294.0 -30124.0 
290.0 -29912.0 
254.0 -28040.0 
257.0 -28395.0 
257.0 -28395.0 
261.0 -28486.0 
266.0 -28784.0 
265.0 -28588.0 
267.0 -28883.0 
269.0 -28920.0 
271.0 -28943.0 
271.0 -28943.0 
272.0 -29102.0 
272.0 -29102.0 
276.0 -29390.0 
282.0 -29487.0 
275.0 -29333.0 
274.0 -29185.0 
287.0 -29504.0 
287.0 -29504.0 
287.0 -29504.0 
288.0 -29625.0 
298.0 -30140.0 
298.0 -30140.0 
298.0 -30140.0 
294.0 -29962.0 
297.0 -30115.0 
290.0 -29907.0 
