326.0 -24673.0 
341.0 -24743.0 
320.0 -23860.0 
345.0 -25313.0 
382.0 -25902.0 
335.0 -24629.0 
330.0 -24349.0 
360.0 -24997.0 
349.0 -24772.0 
361.0 -25142.0 
357.0 -24986.0 
369.0 -25192.0 
390.0 -25630.0 
347.0 -24567.0 
342.0 -24306.0 
336.0 -23969.0 
355.0 -24632.0 
363.0 -24757.0 
376.0 -24980.0 
369.0 -24968.0 
396.0 -25197.0 
398.0 -25201.0 
351.0 -24379.0 
354.0 -24426.0 
347.0 -24191.0 
343.0 -23996.0 
337.0 -23923.0 
359.0 -24505.0 
369.0 -24940.0 
396.0 -24976.0 
352.0 -24194.0 
353.0 -24205.0 
350.0 -23680.0 
338.0 -23592.0 
363.0 -24451.0 
360.0 -24339.0 
393.0 -24897.0 
372.0 -24463.0 
376.0 -24894.0 
409.0 -24931.0 
352.0 -23720.0 
353.0 -23987.0 
345.0 -23560.0 
338.0 -23440.0 
364.0 -24448.0 
361.0 -24098.0 
387.0 -24893.0 
379.0 -24688.0 
377.0 -24569.0 
354.0 -23789.0 
359.0 -23972.0 
348.0 -23502.0 
344.0 -23284.0 
345.0 -23387.0 
367.0 -24220.0 
370.0 -24314.0 
367.0 -24220.0 
387.0 -24744.0 
405.0 -24796.0 
380.0 -24665.0 
378.0 -24367.0 
355.0 -23711.0 
363.0 -23916.0 
344.0 -23278.0 
350.0 -23302.0 
354.0 -23368.0 
367.0 -23933.0 
370.0 -24106.0 
373.0 -24188.0 
392.0 -24734.0 
392.0 -24734.0 
410.0 -24783.0 
387.0 -24586.0 
379.0 -24226.0 
359.0 -23692.0 
358.0 -23595.0 
363.0 -23853.0 
347.0 -22654.0 
351.0 -22822.0 
352.0 -22891.0 
353.0 -23001.0 
354.0 -23192.0 
356.0 -23364.0 
372.0 -24094.0 
372.0 -24094.0 
394.0 -24650.0 
392.0 -24616.0 
393.0 -24646.0 
410.0 -24674.0 
412.0 -24686.0 
388.0 -24316.0 
387.0 -24271.0 
381.0 -24169.0 
383.0 -24205.0 
349.0 -22551.0 
349.0 -22551.0 
414.0 -24667.0 
355.0 -23192.0 
388.0 -24238.0 
354.0 -22749.0 
