361.0 -22112.0 
393.0 -24074.0 
366.0 -22694.0 
368.0 -23165.0 
374.0 -23975.0 
369.0 -21405.0 
371.0 -21984.0 
371.0 -21984.0 
374.0 -22929.0 
380.0 -23762.0 
372.0 -21487.0 
374.0 -22547.0 
380.0 -22631.0 
382.0 -23122.0 
390.0 -23545.0 
385.0 -23533.0 
384.0 -23339.0 
380.0 -22631.0 
375.0 -22540.0 
382.0 -22870.0 
414.0 -23365.0 
388.0 -22922.0 
388.0 -22922.0 
376.0 -22417.0 
375.0 -21537.0 
427.0 -23128.0 
419.0 -23075.0 
427.0 -23128.0 
420.0 -23099.0 
414.0 -23024.0 
406.0 -22904.0 
388.0 -22779.0 
379.0 -22144.0 
378.0 -21723.0 
376.0 -21665.0 
382.0 -22406.0 
427.0 -23028.0 
426.0 -23015.0 
418.0 -22932.0 
409.0 -22831.0 
413.0 -22881.0 
402.0 -22668.0 
376.0 -21575.0 
382.0 -22152.0 
392.0 -22200.0 
397.0 -22336.0 
394.0 -22314.0 
426.0 -22894.0 
421.0 -22586.0 
417.0 -22567.0 
423.0 -22632.0 
381.0 -21031.0 
383.0 -21976.0 
414.0 -22322.0 
411.0 -22289.0 
411.0 -22289.0 
407.0 -22279.0 
429.0 -22888.0 
423.0 -22629.0 
385.0 -21725.0 
402.0 -21829.0 
401.0 -21757.0 
383.0 -21430.0 
394.0 -21752.0 
385.0 -21725.0 
411.0 -22262.0 
430.0 -22813.0 
439.0 -22854.0 
423.0 -22439.0 
424.0 -22609.0 
408.0 -21813.0 
384.0 -20793.0 
387.0 -21648.0 
386.0 -21124.0 
403.0 -21699.0 
412.0 -22044.0 
421.0 -22244.0 
420.0 -22223.0 
412.0 -22044.0 
430.0 -22462.0 
426.0 -22303.0 
411.0 -21709.0 
384.0 -20679.0 
388.0 -21573.0 
408.0 -21697.0 
421.0 -22154.0 
413.0 -21776.0 
416.0 -21777.0 
416.0 -21777.0 
420.0 -22024.0 
431.0 -22458.0 
384.0 -20662.0 
444.0 -22446.0 
391.0 -21402.0 
420.0 -22001.0 
432.0 -22251.0 
424.0 -22115.0 
439.0 -22280.0 
408.0 -21548.0 
415.0 -21747.0 
