335.0 -24629.0 
360.0 -24997.0 
390.0 -25630.0 
330.0 -24349.0 
349.0 -24772.0 
376.0 -24980.0 
369.0 -24940.0 
396.0 -25197.0 
342.0 -24306.0 
336.0 -23969.0 
351.0 -24379.0 
354.0 -24426.0 
355.0 -24632.0 
393.0 -24897.0 
387.0 -24893.0 
379.0 -24688.0 
396.0 -24976.0 
347.0 -24191.0 
345.0 -23560.0 
338.0 -23440.0 
352.0 -24194.0 
359.0 -24505.0 
377.0 -24569.0 
387.0 -24744.0 
380.0 -24665.0 
409.0 -24931.0 
405.0 -24796.0 
350.0 -23680.0 
348.0 -23502.0 
344.0 -23284.0 
345.0 -23387.0 
352.0 -23720.0 
353.0 -23987.0 
361.0 -24098.0 
363.0 -24451.0 
392.0 -24734.0 
392.0 -24734.0 
347.0 -22654.0 
351.0 -22822.0 
352.0 -22891.0 
354.0 -23789.0 
353.0 -23001.0 
367.0 -24220.0 
370.0 -24314.0 
363.0 -23916.0 
378.0 -24367.0 
367.0 -24220.0 
394.0 -24650.0 
410.0 -24674.0 
392.0 -24616.0 
349.0 -22551.0 
349.0 -22551.0 
359.0 -23692.0 
354.0 -23192.0 
363.0 -23853.0 
388.0 -24316.0 
387.0 -24271.0 
367.0 -23933.0 
370.0 -24106.0 
373.0 -24188.0 
414.0 -24667.0 
404.0 -24576.0 
353.0 -22427.0 
359.0 -23624.0 
361.0 -23683.0 
362.0 -23685.0 
355.0 -23192.0 
354.0 -22749.0 
363.0 -23822.0 
402.0 -24260.0 
388.0 -24238.0 
372.0 -24094.0 
372.0 -24094.0 
381.0 -24169.0 
404.0 -24421.0 
413.0 -24551.0 
360.0 -23312.0 
361.0 -23328.0 
356.0 -23006.0 
355.0 -22979.0 
364.0 -23747.0 
368.0 -23767.0 
388.0 -24233.0 
374.0 -23975.0 
378.0 -24067.0 
375.0 -23984.0 
381.0 -24133.0 
405.0 -24398.0 
416.0 -24426.0 
362.0 -23131.0 
360.0 -23000.0 
355.0 -22608.0 
364.0 -23611.0 
393.0 -24150.0 
380.0 -23878.0 
380.0 -23878.0 
377.0 -23658.0 
387.0 -24130.0 
411.0 -24308.0 
357.0 -22371.0 
