239.0 -29843.0 
255.0 -30853.0 
236.0 -29402.0 
247.0 -30223.0 
247.0 -30223.0 
260.0 -31621.0 
239.0 -29843.0 
239.0 -29843.0 
252.0 -30443.0 
229.0 -28549.0 
233.0 -28672.0 
265.0 -31909.0 
258.0 -31098.0 
255.0 -30853.0 
238.0 -29309.0 
236.0 -29042.0 
238.0 -29309.0 
238.0 -29309.0 
249.0 -29850.0 
260.0 -31171.0 
260.0 -31171.0 
264.0 -31530.0 
243.0 -29652.0 
242.0 -29353.0 
252.0 -29884.0 
254.0 -30144.0 
234.0 -28651.0 
269.0 -31818.0 
269.0 -31818.0 
269.0 -31818.0 
269.0 -31818.0 
269.0 -31818.0 
268.0 -31801.0 
269.0 -31818.0 
266.0 -31783.0 
269.0 -31818.0 
257.0 -30566.0 
255.0 -30481.0 
238.0 -28695.0 
238.0 -28695.0 
238.0 -28695.0 
239.0 -29005.0 
241.0 -29290.0 
251.0 -29832.0 
250.0 -29724.0 
251.0 -29832.0 
261.0 -30953.0 
263.0 -31053.0 
261.0 -30953.0 
265.0 -31211.0 
265.0 -31211.0 
244.0 -29395.0 
242.0 -29337.0 
234.0 -28450.0 
276.0 -31722.0 
273.0 -31516.0 
269.0 -31413.0 
259.0 -30372.0 
255.0 -30088.0 
257.0 -30191.0 
252.0 -29453.0 
252.0 -29453.0 
252.0 -29453.0 
254.0 -29619.0 
261.0 -30432.0 
262.0 -30628.0 
265.0 -31096.0 
245.0 -29351.0 
242.0 -29045.0 
242.0 -29045.0 
243.0 -29106.0 
244.0 -29254.0 
234.0 -28127.0 
236.0 -28281.0 
238.0 -28437.0 
238.0 -28437.0 
285.0 -31666.0 
285.0 -31666.0 
278.0 -31567.0 
271.0 -31265.0 
272.0 -31381.0 
259.0 -30231.0 
255.0 -29999.0 
236.0 -28145.0 
280.0 -31523.0 
279.0 -31260.0 
239.0 -28357.0 
267.0 -31051.0 
247.0 -29319.0 
242.0 -29032.0 
254.0 -29390.0 
264.0 -30610.0 
265.0 -30981.0 
255.0 -29534.0 
263.0 -30456.0 
256.0 -29766.0 
244.0 -29145.0 
257.0 -29795.0 
267.0 -31051.0 
261.0 -30394.0 
