415.0 -19216.0 
421.0 -19405.0 
426.0 -20702.0 
423.0 -18758.0 
453.0 -19957.0 
435.0 -19684.0 
427.0 -19654.0 
455.0 -19993.0 
474.0 -20179.0 
454.0 -19815.0 
428.0 -19263.0 
435.0 -19539.0 
467.0 -19719.0 
458.0 -19596.0 
428.0 -18710.0 
429.0 -19148.0 
453.0 -19459.0 
436.0 -19401.0 
483.0 -19510.0 
431.0 -18606.0 
454.0 -19440.0 
442.0 -19058.0 
444.0 -19399.0 
436.0 -18900.0 
491.0 -19458.0 
435.0 -18121.0 
454.0 -19412.0 
449.0 -18992.0 
436.0 -18697.0 
456.0 -19021.0 
465.0 -19267.0 
446.0 -18608.0 
439.0 -18233.0 
444.0 -18437.0 
458.0 -19006.0 
456.0 -18832.0 
479.0 -19260.0 
477.0 -19243.0 
474.0 -19142.0 
449.0 -18532.0 
445.0 -18203.0 
459.0 -18967.0 
458.0 -18651.0 
483.0 -19254.0 
482.0 -19136.0 
451.0 -18322.0 
451.0 -18322.0 
452.0 -18415.0 
450.0 -17977.0 
461.0 -18916.0 
487.0 -19243.0 
484.0 -19152.0 
460.0 -18270.0 
455.0 -18151.0 
453.0 -18043.0 
470.0 -18863.0 
466.0 -18739.0 
476.0 -18874.0 
469.0 -18850.0 
465.0 -18674.0 
494.0 -18956.0 
500.0 -19033.0 
461.0 -18239.0 
460.0 -18111.0 
455.0 -18010.0 
454.0 -17810.0 
481.0 -18809.0 
466.0 -18510.0 
474.0 -18584.0 
464.0 -18065.0 
460.0 -17960.0 
455.0 -17903.0 
459.0 -17925.0 
486.0 -18800.0 
482.0 -18759.0 
470.0 -18150.0 
471.0 -18151.0 
478.0 -18389.0 
474.0 -18156.0 
476.0 -18373.0 
475.0 -18164.0 
456.0 -17857.0 
467.0 -17883.0 
486.0 -18789.0 
473.0 -18047.0 
484.0 -18332.0 
480.0 -18092.0 
457.0 -17179.0 
458.0 -17337.0 
459.0 -17789.0 
469.0 -17875.0 
489.0 -18651.0 
486.0 -18417.0 
479.0 -17930.0 
485.0 -18190.0 
462.0 -17637.0 
468.0 -17754.0 
459.0 -17601.0 
474.0 -17758.0 
478.0 -17801.0 
