308.0 -27253.0 
302.0 -26677.0 
307.0 -27191.0 
314.0 -27809.0 
309.0 -27315.0 
308.0 -27253.0 
316.0 -28249.0 
304.0 -26791.0 
319.0 -28894.0 
307.0 -27191.0 
282.0 -26294.0 
284.0 -26479.0 
313.0 -27266.0 
333.0 -27534.0 
334.0 -27825.0 
343.0 -28002.0 
326.0 -27284.0 
307.0 -26823.0 
312.0 -27078.0 
310.0 -27058.0 
285.0 -26337.0 
285.0 -26337.0 
293.0 -26439.0 
314.0 -27250.0 
337.0 -27550.0 
339.0 -27584.0 
342.0 -27646.0 
347.0 -27957.0 
332.0 -27260.0 
309.0 -26661.0 
307.0 -26622.0 
291.0 -25890.0 
285.0 -25844.0 
298.0 -26398.0 
298.0 -26398.0 
323.0 -27185.0 
316.0 -27148.0 
337.0 -27377.0 
338.0 -27510.0 
341.0 -27560.0 
350.0 -27860.0 
352.0 -27866.0 
307.0 -26465.0 
313.0 -26593.0 
290.0 -25370.0 
291.0 -25693.0 
295.0 -25819.0 
294.0 -25779.0 
300.0 -26223.0 
303.0 -26368.0 
299.0 -26210.0 
329.0 -27172.0 
322.0 -26757.0 
323.0 -27023.0 
323.0 -27023.0 
324.0 -27053.0 
326.0 -27071.0 
319.0 -26679.0 
337.0 -27181.0 
340.0 -27492.0 
339.0 -27459.0 
338.0 -27447.0 
344.0 -27515.0 
359.0 -27850.0 
357.0 -27765.0 
307.0 -26369.0 
312.0 -26444.0 
312.0 -26444.0 
309.0 -26401.0 
314.0 -26587.0 
292.0 -25673.0 
301.0 -25725.0 
303.0 -25938.0 
329.0 -27098.0 
329.0 -27098.0 
329.0 -27098.0 
323.0 -26987.0 
319.0 -26660.0 
337.0 -27155.0 
341.0 -27414.0 
341.0 -27414.0 
339.0 -27376.0 
348.0 -27479.0 
359.0 -27620.0 
362.0 -27626.0 
365.0 -27713.0 
308.0 -26270.0 
308.0 -26270.0 
318.0 -26433.0 
314.0 -26319.0 
299.0 -25625.0 
301.0 -25652.0 
303.0 -25885.0 
367.0 -27558.0 
300.0 -25601.0 
350.0 -27445.0 
321.0 -26374.0 
341.0 -27221.0 
308.0 -26050.0 
325.0 -26938.0 
