370.0 -26724.0 
327.0 -26087.0 
310.0 -25459.0 
327.0 -25932.0 
361.0 -25979.0 
311.0 -25379.0 
348.0 -25517.0 
348.0 -25517.0 
368.0 -25922.0 
382.0 -25960.0 
311.0 -25377.0 
379.0 -25857.0 
375.0 -25848.0 
382.0 -25902.0 
319.0 -25253.0 
312.0 -24920.0 
337.0 -25371.0 
379.0 -25660.0 
385.0 -25806.0 
329.0 -25060.0 
331.0 -25134.0 
326.0 -24673.0 
320.0 -23860.0 
320.0 -23860.0 
320.0 -23860.0 
321.0 -24060.0 
345.0 -25313.0 
353.0 -25351.0 
366.0 -25370.0 
390.0 -25630.0 
385.0 -25545.0 
385.0 -25545.0 
335.0 -24845.0 
338.0 -24972.0 
328.0 -24605.0 
323.0 -23949.0 
351.0 -25117.0 
361.0 -25142.0 
364.0 -25147.0 
369.0 -25192.0 
379.0 -25311.0 
387.0 -25537.0 
335.0 -24629.0 
341.0 -24868.0 
338.0 -24651.0 
330.0 -24349.0 
330.0 -24349.0 
333.0 -24597.0 
324.0 -23695.0 
360.0 -24997.0 
357.0 -24986.0 
355.0 -24972.0 
360.0 -24997.0 
384.0 -25177.0 
380.0 -25137.0 
379.0 -25065.0 
392.0 -25467.0 
388.0 -25412.0 
388.0 -25412.0 
341.0 -24743.0 
349.0 -24772.0 
352.0 -24844.0 
352.0 -24844.0 
352.0 -24844.0 
330.0 -23801.0 
336.0 -23969.0 
336.0 -23969.0 
339.0 -24543.0 
356.0 -24925.0 
376.0 -24980.0 
375.0 -24977.0 
369.0 -24968.0 
382.0 -25049.0 
389.0 -25371.0 
343.0 -24658.0 
346.0 -24737.0 
352.0 -24829.0 
334.0 -23663.0 
333.0 -23537.0 
337.0 -23923.0 
336.0 -23812.0 
342.0 -24306.0 
340.0 -24269.0 
362.0 -24854.0 
369.0 -24940.0 
384.0 -25049.0 
396.0 -25197.0 
397.0 -25229.0 
345.0 -24613.0 
343.0 -24509.0 
350.0 -24686.0 
361.0 -24761.0 
338.0 -23592.0 
337.0 -23254.0 
338.0 -23592.0 
341.0 -24002.0 
376.0 -24894.0 
376.0 -24894.0 
371.0 -24869.0 
385.0 -25034.0 
