474.0 -18584.0 
467.0 -17095.0 
474.0 -17758.0 
489.0 -17583.0 
476.0 -16200.0 
483.0 -17326.0 
489.0 -17583.0 
519.0 -17215.0 
492.0 -15774.0 
496.0 -16718.0 
527.0 -17048.0 
527.0 -17048.0 
521.0 -17039.0 
499.0 -16404.0 
535.0 -16411.0 
540.0 -16509.0 
509.0 -14621.0 
528.0 -15932.0 
514.0 -15780.0 
536.0 -15977.0 
542.0 -16070.0 
532.0 -15784.0 
530.0 -15528.0 
517.0 -14916.0 
551.0 -15669.0 
550.0 -14794.0 
528.0 -14685.0 
551.0 -15502.0 
551.0 -15502.0 
530.0 -13622.0 
547.0 -14500.0 
561.0 -15124.0 
558.0 -14370.0 
572.0 -14420.0 
536.0 -19640.0 
517.0 -19018.0 
459.0 -15674.0 
516.0 -18277.0 
682.0 -21255.0 
581.0 -19880.0 
648.0 -19903.0 
662.0 -20666.0 
417.0 -14929.0 
560.0 -18833.0 
555.0 -18662.0 
523.0 -18436.0 
594.0 -19822.0 
474.0 -14266.0 
551.0 -17506.0 
577.0 -18278.0 
544.0 -16969.0 
594.0 -19748.0 
694.0 -19753.0 
570.0 -17384.0 
584.0 -17468.0 
585.0 -18247.0 
553.0 -16002.0 
566.0 -16516.0 
562.0 -16435.0 
556.0 -16169.0 
615.0 -18533.0 
662.0 -19219.0 
665.0 -19565.0 
629.0 -19003.0 
647.0 -19100.0 
653.0 -19174.0 
702.0 -19573.0 
572.0 -16812.0 
595.0 -17539.0 
598.0 -18007.0 
586.0 -17298.0 
571.0 -16421.0 
559.0 -15996.0 
615.0 -18497.0 
665.0 -19271.0 
696.0 -19434.0 
689.0 -19426.0 
630.0 -18988.0 
743.0 -19441.0 
745.0 -19564.0 
581.0 -16576.0 
599.0 -17609.0 
595.0 -16940.0 
594.0 -16823.0 
586.0 -16635.0 
574.0 -16213.0 
622.0 -18430.0 
619.0 -18196.0 
708.0 -19394.0 
636.0 -18907.0 
576.0 -15876.0 
734.0 -19320.0 
647.0 -18773.0 
714.0 -18997.0 
583.0 -16363.0 
612.0 -17181.0 
627.0 -17805.0 
596.0 -16845.0 
639.0 -18365.0 
723.0 -19037.0 
