234.0 -28450.0 
239.0 -29843.0 
269.0 -31818.0 
269.0 -31818.0 
269.0 -31818.0 
255.0 -30853.0 
269.0 -31818.0 
236.0 -29402.0 
247.0 -30223.0 
247.0 -30223.0 
260.0 -31621.0 
239.0 -29843.0 
234.0 -28127.0 
257.0 -30566.0 
285.0 -31666.0 
285.0 -31666.0 
238.0 -29309.0 
236.0 -29042.0 
238.0 -29309.0 
249.0 -29850.0 
252.0 -29884.0 
260.0 -31171.0 
271.0 -31265.0 
273.0 -31516.0 
260.0 -31171.0 
278.0 -31567.0 
243.0 -29652.0 
242.0 -29353.0 
259.0 -30372.0 
258.0 -29981.0 
258.0 -29981.0 
236.0 -28281.0 
238.0 -28695.0 
238.0 -28695.0 
238.0 -28695.0 
239.0 -29005.0 
241.0 -29290.0 
251.0 -29832.0 
250.0 -29724.0 
265.0 -31096.0 
261.0 -30953.0 
263.0 -31053.0 
279.0 -31260.0 
280.0 -31523.0 
244.0 -29395.0 
242.0 -29337.0 
260.0 -30197.0 
260.0 -30197.0 
258.0 -29925.0 
258.0 -29925.0 
259.0 -29981.0 
237.0 -28260.0 
237.0 -28260.0 
236.0 -28145.0 
238.0 -28437.0 
238.0 -28437.0 
256.0 -29766.0 
252.0 -29453.0 
252.0 -29453.0 
252.0 -29453.0 
255.0 -29534.0 
261.0 -30432.0 
267.0 -31051.0 
267.0 -31051.0 
267.0 -31051.0 
267.0 -31051.0 
264.0 -30610.0 
265.0 -30981.0 
279.0 -31146.0 
288.0 -31259.0 
289.0 -31327.0 
245.0 -29351.0 
242.0 -29045.0 
242.0 -29045.0 
244.0 -29145.0 
243.0 -29106.0 
258.0 -29831.0 
258.0 -29831.0 
239.0 -28357.0 
257.0 -29747.0 
257.0 -29747.0 
254.0 -29390.0 
255.0 -29487.0 
261.0 -30394.0 
261.0 -30394.0 
261.0 -30394.0 
271.0 -31043.0 
265.0 -30846.0 
265.0 -30846.0 
265.0 -30846.0 
269.0 -30947.0 
287.0 -31140.0 
301.0 -31314.0 
303.0 -31318.0 
293.0 -31254.0 
303.0 -31318.0 
245.0 -29190.0 
250.0 -29295.0 
242.0 -29032.0 
239.0 -27855.0 
