376.0 -24980.0 
335.0 -24629.0 
394.0 -24650.0 
410.0 -24674.0 
344.0 -23284.0 
345.0 -23560.0 
359.0 -24505.0 
351.0 -24379.0 
348.0 -23502.0 
354.0 -23789.0 
370.0 -24314.0 
363.0 -23822.0 
367.0 -24220.0 
352.0 -22891.0 
349.0 -22551.0 
349.0 -22551.0 
355.0 -23192.0 
360.0 -23312.0 
402.0 -24260.0 
364.0 -23747.0 
370.0 -24106.0 
373.0 -24188.0 
354.0 -22749.0 
355.0 -22979.0 
362.0 -23131.0 
360.0 -23000.0 
364.0 -23540.0 
372.0 -24094.0 
409.0 -24132.0 
363.0 -22956.0 
361.0 -22819.0 
368.0 -23218.0 
374.0 -23975.0 
393.0 -24074.0 
393.0 -24074.0 
372.0 -23268.0 
361.0 -22307.0 
364.0 -22375.0 
366.0 -22787.0 
368.0 -23165.0 
380.0 -23878.0 
374.0 -23475.0 
380.0 -23878.0 
387.0 -23883.0 
395.0 -23910.0 
420.0 -24053.0 
397.0 -24037.0 
396.0 -23979.0 
372.0 -23220.0 
361.0 -22112.0 
366.0 -22694.0 
380.0 -23762.0 
384.0 -23861.0 
383.0 -23788.0 
421.0 -24019.0 
410.0 -24016.0 
375.0 -23037.0 
374.0 -22929.0 
372.0 -22881.0 
378.0 -23095.0 
364.0 -22081.0 
362.0 -21877.0 
369.0 -22638.0 
366.0 -22276.0 
368.0 -22534.0 
382.0 -23686.0 
397.0 -23846.0 
407.0 -23859.0 
384.0 -23726.0 
419.0 -23976.0 
414.0 -23891.0 
419.0 -23976.0 
373.0 -22768.0 
379.0 -23082.0 
365.0 -21873.0 
366.0 -22052.0 
368.0 -22509.0 
382.0 -23122.0 
411.0 -23828.0 
384.0 -23709.0 
421.0 -23891.0 
374.0 -22547.0 
377.0 -22628.0 
380.0 -23007.0 
372.0 -22378.0 
368.0 -22293.0 
415.0 -23772.0 
390.0 -23545.0 
385.0 -23533.0 
384.0 -23339.0 
400.0 -23631.0 
391.0 -23592.0 
398.0 -23626.0 
421.0 -23776.0 
375.0 -22540.0 
374.0 -22403.0 
382.0 -22870.0 
380.0 -22631.0 
380.0 -22631.0 
369.0 -22240.0 
