426.0 -20702.0 
394.0 -20529.0 
434.0 -20637.0 
422.0 -20289.0 
415.0 -19995.0 
462.0 -20399.0 
423.0 -20253.0 
415.0 -19472.0 
427.0 -19654.0 
447.0 -20184.0 
433.0 -20007.0 
435.0 -20106.0 
415.0 -19216.0 
421.0 -19405.0 
421.0 -19405.0 
428.0 -19651.0 
474.0 -20179.0 
474.0 -20179.0 
453.0 -19957.0 
435.0 -19684.0 
455.0 -19993.0 
450.0 -19792.0 
442.0 -19748.0 
423.0 -18758.0 
428.0 -19263.0 
431.0 -19281.0 
486.0 -20013.0 
454.0 -19815.0 
435.0 -19539.0 
459.0 -19904.0 
477.0 -19941.0 
448.0 -19615.0 
428.0 -18710.0 
429.0 -19148.0 
436.0 -19401.0 
462.0 -19758.0 
468.0 -19851.0 
458.0 -19596.0 
453.0 -19459.0 
431.0 -18606.0 
442.0 -19058.0 
444.0 -19399.0 
436.0 -18900.0 
467.0 -19719.0 
481.0 -19741.0 
460.0 -19557.0 
454.0 -19440.0 
435.0 -18121.0 
449.0 -18992.0 
449.0 -18992.0 
436.0 -18697.0 
437.0 -18712.0 
475.0 -19568.0 
464.0 -19519.0 
454.0 -19412.0 
446.0 -18608.0 
439.0 -18233.0 
441.0 -18494.0 
483.0 -19510.0 
454.0 -19398.0 
449.0 -18532.0 
440.0 -18040.0 
444.0 -18437.0 
487.0 -19462.0 
456.0 -19021.0 
459.0 -19330.0 
445.0 -18203.0 
451.0 -18322.0 
451.0 -18322.0 
452.0 -18415.0 
491.0 -19458.0 
490.0 -19351.0 
458.0 -19006.0 
456.0 -18832.0 
465.0 -19267.0 
477.0 -19314.0 
460.0 -19026.0 
481.0 -19323.0 
449.0 -18089.0 
455.0 -18151.0 
459.0 -18967.0 
458.0 -18651.0 
474.0 -19142.0 
479.0 -19260.0 
477.0 -19243.0 
450.0 -17977.0 
453.0 -18043.0 
461.0 -18916.0 
460.0 -18270.0 
476.0 -19046.0 
483.0 -19254.0 
481.0 -19225.0 
454.0 -17810.0 
487.0 -19243.0 
476.0 -18874.0 
461.0 -18320.0 
465.0 -18674.0 
482.0 -19136.0 
460.0 -18111.0 
455.0 -18010.0 
