374.0 -22547.0 
427.0 -23128.0 
369.0 -21405.0 
385.0 -21725.0 
402.0 -21829.0 
401.0 -21757.0 
411.0 -22289.0 
400.0 -21026.0 
391.0 -20611.0 
408.0 -21813.0 
402.0 -21547.0 
421.0 -22244.0 
420.0 -22001.0 
401.0 -20717.0 
401.0 -20717.0 
393.0 -20208.0 
394.0 -20594.0 
413.0 -21776.0 
406.0 -21221.0 
403.0 -21077.0 
407.0 -21539.0 
440.0 -21967.0 
446.0 -21995.0 
394.0 -20529.0 
415.0 -21747.0 
406.0 -21012.0 
403.0 -20549.0 
406.0 -21012.0 
407.0 -21170.0 
413.0 -21324.0 
441.0 -21899.0 
431.0 -21689.0 
421.0 -21578.0 
417.0 -21345.0 
404.0 -19999.0 
403.0 -19967.0 
411.0 -20541.0 
407.0 -20473.0 
413.0 -20697.0 
438.0 -21676.0 
420.0 -21302.0 
417.0 -21081.0 
421.0 -21318.0 
432.0 -21319.0 
408.0 -20378.0 
416.0 -20403.0 
438.0 -21577.0 
450.0 -21648.0 
417.0 -20993.0 
424.0 -21175.0 
423.0 -21102.0 
430.0 -21273.0 
408.0 -19975.0 
415.0 -19995.0 
415.0 -19995.0 
447.0 -21305.0 
459.0 -21509.0 
418.0 -20957.0 
437.0 -21242.0 
434.0 -21046.0 
410.0 -19702.0 
411.0 -19789.0 
413.0 -19857.0 
420.0 -20477.0 
425.0 -20787.0 
423.0 -20685.0 
419.0 -20249.0 
439.0 -21169.0 
415.0 -19472.0 
422.0 -20289.0 
426.0 -20702.0 
434.0 -20758.0 
432.0 -20740.0 
424.0 -20583.0 
419.0 -19810.0 
421.0 -20100.0 
442.0 -20999.0 
446.0 -21134.0 
455.0 -21146.0 
415.0 -19216.0 
417.0 -19253.0 
423.0 -20253.0 
431.0 -20686.0 
428.0 -20656.0 
425.0 -20542.0 
420.0 -19783.0 
443.0 -20795.0 
450.0 -21075.0 
456.0 -21145.0 
423.0 -20195.0 
436.0 -20681.0 
434.0 -20637.0 
425.0 -20537.0 
421.0 -19405.0 
421.0 -19405.0 
443.0 -20723.0 
451.0 -21026.0 
422.0 -19367.0 
458.0 -20985.0 
440.0 -20568.0 
