314.0 -27809.0 
282.0 -26294.0 
284.0 -26479.0 
315.0 -28963.0 
287.0 -26718.0 
279.0 -25865.0 
297.0 -27773.0 
285.0 -26337.0 
285.0 -26337.0 
316.0 -28249.0 
319.0 -28894.0 
287.0 -26474.0 
308.0 -27253.0 
302.0 -26677.0 
307.0 -27191.0 
308.0 -27253.0 
304.0 -26791.0 
307.0 -27191.0 
312.0 -27550.0 
309.0 -27408.0 
305.0 -26982.0 
285.0 -25844.0 
326.0 -27689.0 
330.0 -28506.0 
293.0 -26439.0 
291.0 -25890.0 
291.0 -25890.0 
291.0 -25890.0 
304.0 -26582.0 
313.0 -27479.0 
309.0 -27315.0 
307.0 -26823.0 
305.0 -26768.0 
290.0 -25370.0 
329.0 -27647.0 
331.0 -28120.0 
298.0 -26398.0 
298.0 -26398.0 
301.0 -26400.0 
296.0 -26041.0 
291.0 -25693.0 
295.0 -25819.0 
294.0 -25779.0 
318.0 -27460.0 
314.0 -27334.0 
313.0 -27266.0 
310.0 -27058.0 
312.0 -27229.0 
309.0 -26661.0 
307.0 -26622.0 
333.0 -27534.0 
334.0 -27825.0 
343.0 -28002.0 
300.0 -26223.0 
299.0 -26210.0 
303.0 -26368.0 
292.0 -25673.0 
326.0 -27284.0 
314.0 -27250.0 
311.0 -26936.0 
312.0 -27078.0 
307.0 -26465.0 
310.0 -26504.0 
337.0 -27550.0 
339.0 -27584.0 
342.0 -27689.0 
347.0 -27957.0 
343.0 -27899.0 
301.0 -25725.0 
303.0 -25938.0 
306.0 -26089.0 
304.0 -26051.0 
299.0 -25625.0 
297.0 -25537.0 
332.0 -27260.0 
323.0 -27185.0 
316.0 -27148.0 
313.0 -26593.0 
307.0 -26369.0 
309.0 -26401.0 
312.0 -26444.0 
312.0 -26444.0 
345.0 -27867.0 
300.0 -25601.0 
303.0 -25885.0 
329.0 -27172.0 
308.0 -26270.0 
313.0 -26476.0 
320.0 -26776.0 
337.0 -27377.0 
342.0 -27646.0 
314.0 -26587.0 
319.0 -26679.0 
308.0 -26270.0 
301.0 -25652.0 
338.0 -27510.0 
326.0 -27071.0 
341.0 -27560.0 
323.0 -27023.0 
337.0 -27377.0 
