321.0 -26220.0 
322.0 -26757.0 
329.0 -27098.0 
299.0 -25625.0 
310.0 -26110.0 
325.0 -26639.0 
354.0 -27040.0 
344.0 -26714.0 
301.0 -25105.0 
316.0 -26044.0 
310.0 -25459.0 
327.0 -26518.0 
369.0 -26924.0 
357.0 -26815.0 
307.0 -24897.0 
308.0 -25009.0 
309.0 -25069.0 
319.0 -25582.0 
325.0 -25973.0 
311.0 -25379.0 
352.0 -26513.0 
327.0 -26502.0 
370.0 -26724.0 
307.0 -24626.0 
324.0 -25456.0 
325.0 -25839.0 
311.0 -25377.0 
327.0 -26087.0 
351.0 -26364.0 
327.0 -26087.0 
364.0 -26377.0 
373.0 -26534.0 
373.0 -26534.0 
383.0 -26560.0 
324.0 -25415.0 
312.0 -24920.0 
312.0 -24920.0 
311.0 -24633.0 
312.0 -24920.0 
315.0 -25266.0 
360.0 -26262.0 
354.0 -26252.0 
327.0 -25932.0 
336.0 -25975.0 
374.0 -26514.0 
385.0 -26518.0 
325.0 -25366.0 
319.0 -25253.0 
318.0 -24624.0 
316.0 -24585.0 
361.0 -25979.0 
373.0 -26209.0 
368.0 -26192.0 
362.0 -26092.0 
328.0 -25658.0 
334.0 -25739.0 
340.0 -25809.0 
359.0 -25868.0 
380.0 -26441.0 
383.0 -26490.0 
374.0 -26240.0 
374.0 -26240.0 
322.0 -24817.0 
327.0 -25117.0 
317.0 -24061.0 
321.0 -24577.0 
318.0 -24422.0 
368.0 -25922.0 
366.0 -25921.0 
332.0 -25589.0 
331.0 -25526.0 
340.0 -25797.0 
361.0 -25836.0 
387.0 -26120.0 
387.0 -26120.0 
380.0 -26096.0 
326.0 -24673.0 
323.0 -24606.0 
329.0 -25060.0 
320.0 -23860.0 
320.0 -23860.0 
320.0 -23860.0 
321.0 -24060.0 
379.0 -25857.0 
375.0 -25848.0 
332.0 -25542.0 
331.0 -25495.0 
340.0 -25584.0 
343.0 -25716.0 
354.0 -25773.0 
382.0 -25960.0 
328.0 -24655.0 
326.0 -24420.0 
323.0 -24232.0 
327.0 -24475.0 
330.0 -24824.0 
322.0 -23987.0 
390.0 -25951.0 
323.0 -23949.0 
328.0 -24605.0 
