250.0 -27933.0 
266.0 -28784.0 
254.0 -28573.0 
294.0 -30233.0 
255.0 -28709.0 
270.0 -29848.0 
290.0 -29892.0 
252.0 -27618.0 
295.0 -30154.0 
257.0 -28481.0 
259.0 -28530.0 
271.0 -29611.0 
281.0 -29841.0 
252.0 -27547.0 
298.0 -30140.0 
298.0 -30140.0 
297.0 -30115.0 
258.0 -27778.0 
262.0 -28415.0 
259.0 -28265.0 
272.0 -29519.0 
290.0 -29705.0 
291.0 -29807.0 
253.0 -27333.0 
323.0 -30026.0 
306.0 -29826.0 
311.0 -29892.0 
320.0 -29973.0 
263.0 -28272.0 
269.0 -28326.0 
260.0 -28073.0 
272.0 -29102.0 
287.0 -29504.0 
287.0 -29504.0 
272.0 -29102.0 
276.0 -29390.0 
287.0 -29504.0 
291.0 -29763.0 
257.0 -27177.0 
255.0 -27133.0 
255.0 -27133.0 
256.0 -27146.0 
255.0 -27133.0 
311.0 -29835.0 
321.0 -29852.0 
269.0 -28162.0 
260.0 -27411.0 
262.0 -27899.0 
273.0 -28788.0 
272.0 -28760.0 
286.0 -28946.0 
279.0 -28835.0 
282.0 -28924.0 
287.0 -29015.0 
297.0 -29199.0 
298.0 -29424.0 
292.0 -29064.0 
306.0 -29734.0 
258.0 -27013.0 
322.0 -29803.0 
262.0 -27265.0 
265.0 -27886.0 
264.0 -27878.0 
263.0 -27798.0 
272.0 -28421.0 
279.0 -28560.0 
280.0 -28745.0 
279.0 -28560.0 
283.0 -28837.0 
284.0 -28914.0 
283.0 -28837.0 
297.0 -29142.0 
299.0 -29238.0 
300.0 -29377.0 
307.0 -29597.0 
314.0 -29660.0 
321.0 -29686.0 
259.0 -26970.0 
327.0 -29778.0 
327.0 -29778.0 
327.0 -29778.0 
268.0 -27827.0 
268.0 -27827.0 
266.0 -27648.0 
272.0 -28067.0 
280.0 -28597.0 
294.0 -28842.0 
288.0 -28756.0 
287.0 -28716.0 
292.0 -28762.0 
298.0 -28852.0 
299.0 -28983.0 
299.0 -28983.0 
306.0 -29304.0 
301.0 -29111.0 
300.0 -28994.0 
303.0 -29210.0 
312.0 -29504.0 
311.0 -29389.0 
324.0 -29665.0 
