254.0 -28573.0 
255.0 -28709.0 
316.0 -30257.0 
253.0 -28178.0 
258.0 -29366.0 
249.0 -28130.0 
276.0 -30235.0 
249.0 -28130.0 
266.0 -30150.0 
302.0 -30248.0 
255.0 -28531.0 
255.0 -28531.0 
265.0 -28989.0 
294.0 -30233.0 
292.0 -30227.0 
250.0 -27933.0 
249.0 -27814.0 
250.0 -27933.0 
270.0 -29848.0 
270.0 -29848.0 
274.0 -29968.0 
269.0 -29228.0 
257.0 -28481.0 
259.0 -28530.0 
259.0 -28530.0 
255.0 -28192.0 
266.0 -28784.0 
267.0 -28883.0 
293.0 -30206.0 
292.0 -30168.0 
252.0 -27618.0 
252.0 -27618.0 
271.0 -29611.0 
290.0 -29943.0 
280.0 -29852.0 
279.0 -29791.0 
257.0 -28395.0 
261.0 -28486.0 
255.0 -27873.0 
267.0 -28547.0 
269.0 -28672.0 
295.0 -30154.0 
294.0 -29962.0 
252.0 -27547.0 
253.0 -27610.0 
271.0 -29590.0 
290.0 -29912.0 
281.0 -29841.0 
259.0 -28265.0 
262.0 -28415.0 
258.0 -27778.0 
257.0 -27742.0 
268.0 -28500.0 
298.0 -30140.0 
298.0 -30140.0 
297.0 -30115.0 
253.0 -27333.0 
272.0 -29519.0 
272.0 -29519.0 
271.0 -28943.0 
274.0 -29556.0 
290.0 -29892.0 
286.0 -29726.0 
260.0 -28073.0 
263.0 -28272.0 
266.0 -28337.0 
268.0 -28448.0 
269.0 -28489.0 
323.0 -30026.0 
323.0 -30026.0 
304.0 -29902.0 
305.0 -30003.0 
257.0 -27177.0 
255.0 -27133.0 
255.0 -27133.0 
256.0 -27146.0 
255.0 -27133.0 
258.0 -27276.0 
255.0 -27133.0 
272.0 -29102.0 
272.0 -29102.0 
276.0 -29390.0 
285.0 -29479.0 
291.0 -29807.0 
296.0 -29866.0 
297.0 -29881.0 
287.0 -29504.0 
287.0 -29504.0 
287.0 -29504.0 
288.0 -29625.0 
290.0 -29705.0 
327.0 -30010.0 
258.0 -27060.0 
312.0 -29893.0 
297.0 -29831.0 
270.0 -28387.0 
260.0 -27526.0 
262.0 -27899.0 
263.0 -28233.0 
272.0 -28868.0 
