252.0 -29453.0 
290.0 -31056.0 
248.0 -28863.0 
271.0 -30605.0 
297.0 -31152.0 
269.0 -30411.0 
236.0 -28281.0 
290.0 -31056.0 
251.0 -29218.0 
271.0 -30605.0 
259.0 -30372.0 
238.0 -28695.0 
254.0 -29390.0 
295.0 -30990.0 
253.0 -29200.0 
253.0 -29200.0 
251.0 -28775.0 
279.0 -30595.0 
279.0 -30595.0 
274.0 -30487.0 
274.0 -30487.0 
274.0 -30487.0 
266.0 -30150.0 
260.0 -29633.0 
262.0 -30072.0 
266.0 -30150.0 
264.0 -30106.0 
262.0 -30072.0 
244.0 -28562.0 
245.0 -28588.0 
243.0 -28145.0 
240.0 -28054.0 
258.0 -29366.0 
313.0 -30746.0 
313.0 -30746.0 
253.0 -28783.0 
255.0 -28842.0 
254.0 -28801.0 
255.0 -28842.0 
252.0 -28775.0 
288.0 -30353.0 
276.0 -30326.0 
295.0 -30382.0 
292.0 -30369.0 
260.0 -29545.0 
266.0 -30105.0 
262.0 -29945.0 
247.0 -28242.0 
250.0 -28464.0 
248.0 -28257.0 
251.0 -28517.0 
242.0 -27772.0 
242.0 -27772.0 
258.0 -29055.0 
319.0 -30552.0 
254.0 -28642.0 
255.0 -28709.0 
276.0 -30235.0 
276.0 -30235.0 
281.0 -30320.0 
260.0 -29262.0 
261.0 -29463.0 
273.0 -30044.0 
263.0 -29800.0 
262.0 -29468.0 
267.0 -29879.0 
247.0 -28143.0 
253.0 -28213.0 
253.0 -28213.0 
254.0 -28573.0 
255.0 -28667.0 
279.0 -30173.0 
276.0 -30122.0 
279.0 -30173.0 
286.0 -30314.0 
281.0 -30260.0 
321.0 -30319.0 
261.0 -29422.0 
273.0 -29999.0 
264.0 -29454.0 
270.0 -29848.0 
270.0 -29848.0 
270.0 -29848.0 
270.0 -29848.0 
271.0 -29871.0 
267.0 -29797.0 
249.0 -28130.0 
249.0 -28130.0 
249.0 -28130.0 
248.0 -27793.0 
249.0 -28130.0 
253.0 -28178.0 
303.0 -30301.0 
248.0 -27562.0 
248.0 -27562.0 
255.0 -28642.0 
262.0 -29293.0 
249.0 -28112.0 
282.0 -30257.0 
274.0 -29968.0 
