272.0 -29102.0 
250.0 -27933.0 
287.0 -29504.0 
287.0 -29504.0 
272.0 -29102.0 
276.0 -29390.0 
266.0 -28784.0 
254.0 -28573.0 
294.0 -30233.0 
252.0 -27618.0 
273.0 -28788.0 
283.0 -28837.0 
286.0 -28946.0 
287.0 -29015.0 
284.0 -28914.0 
262.0 -28415.0 
297.0 -29199.0 
298.0 -30140.0 
252.0 -27547.0 
279.0 -28560.0 
280.0 -28745.0 
279.0 -28560.0 
294.0 -28842.0 
288.0 -28756.0 
292.0 -28762.0 
263.0 -28272.0 
269.0 -28326.0 
297.0 -29142.0 
323.0 -30026.0 
322.0 -29803.0 
306.0 -29734.0 
298.0 -29424.0 
257.0 -27177.0 
255.0 -27133.0 
255.0 -27133.0 
256.0 -27146.0 
280.0 -28597.0 
291.0 -28696.0 
265.0 -27886.0 
264.0 -27878.0 
269.0 -28162.0 
327.0 -29778.0 
327.0 -29778.0 
327.0 -29778.0 
307.0 -29597.0 
314.0 -29660.0 
321.0 -29686.0 
299.0 -29238.0 
298.0 -28852.0 
300.0 -29377.0 
259.0 -26970.0 
281.0 -28540.0 
280.0 -28511.0 
292.0 -28642.0 
268.0 -27827.0 
268.0 -27827.0 
266.0 -27648.0 
273.0 -28030.0 
312.0 -29504.0 
311.0 -29389.0 
324.0 -29665.0 
299.0 -28983.0 
299.0 -28983.0 
306.0 -29304.0 
301.0 -29111.0 
300.0 -28994.0 
260.0 -26842.0 
260.0 -26842.0 
281.0 -28495.0 
281.0 -28495.0 
280.0 -28418.0 
293.0 -28615.0 
293.0 -28615.0 
293.0 -28615.0 
266.0 -27307.0 
266.0 -27307.0 
270.0 -27568.0 
266.0 -27307.0 
277.0 -27926.0 
313.0 -29493.0 
324.0 -29572.0 
302.0 -29093.0 
281.0 -28470.0 
297.0 -28523.0 
297.0 -28523.0 
276.0 -27179.0 
269.0 -26682.0 
270.0 -26983.0 
280.0 -27804.0 
277.0 -27751.0 
323.0 -29459.0 
316.0 -29262.0 
317.0 -29315.0 
335.0 -29537.0 
328.0 -29491.0 
305.0 -29075.0 
270.0 -26416.0 
323.0 -29389.0 
280.0 -27307.0 
306.0 -28970.0 
