415.0 -19216.0 
453.0 -19957.0 
428.0 -19263.0 
453.0 -19459.0 
428.0 -18710.0 
429.0 -19148.0 
479.0 -19260.0 
477.0 -19243.0 
491.0 -19458.0 
442.0 -19058.0 
474.0 -19142.0 
431.0 -18606.0 
487.0 -19243.0 
456.0 -19021.0 
446.0 -18608.0 
439.0 -18233.0 
435.0 -18121.0 
444.0 -18437.0 
458.0 -19006.0 
449.0 -18532.0 
445.0 -18203.0 
461.0 -18916.0 
494.0 -18956.0 
458.0 -18651.0 
451.0 -18322.0 
451.0 -18322.0 
452.0 -18415.0 
450.0 -17977.0 
470.0 -18863.0 
466.0 -18739.0 
476.0 -18874.0 
469.0 -18850.0 
460.0 -18270.0 
455.0 -18151.0 
466.0 -18510.0 
474.0 -18584.0 
481.0 -18809.0 
464.0 -18065.0 
460.0 -17960.0 
455.0 -17903.0 
470.0 -18150.0 
478.0 -18389.0 
474.0 -18156.0 
476.0 -18373.0 
486.0 -18800.0 
467.0 -17883.0 
456.0 -17857.0 
473.0 -18047.0 
484.0 -18332.0 
486.0 -18789.0 
469.0 -17875.0 
457.0 -17179.0 
462.0 -17637.0 
468.0 -17754.0 
458.0 -17337.0 
479.0 -17930.0 
485.0 -18190.0 
489.0 -18651.0 
486.0 -18417.0 
474.0 -17758.0 
478.0 -17801.0 
463.0 -17580.0 
473.0 -17582.0 
462.0 -17051.0 
483.0 -17911.0 
482.0 -17842.0 
493.0 -18607.0 
487.0 -18406.0 
474.0 -17673.0 
466.0 -17541.0 
471.0 -17576.0 
464.0 -16995.0 
495.0 -18481.0 
492.0 -18390.0 
487.0 -17906.0 
491.0 -18030.0 
467.0 -17235.0 
481.0 -17427.0 
473.0 -17369.0 
465.0 -16966.0 
501.0 -18471.0 
499.0 -18258.0 
498.0 -18058.0 
487.0 -17740.0 
495.0 -17978.0 
493.0 -17801.0 
493.0 -17801.0 
467.0 -17095.0 
471.0 -17213.0 
479.0 -17320.0 
483.0 -17326.0 
508.0 -18381.0 
468.0 -16645.0 
473.0 -16990.0 
498.0 -17783.0 
487.0 -17421.0 
502.0 -18360.0 
489.0 -17686.0 
472.0 -16797.0 
488.0 -17491.0 
