260.0 -31621.0 
260.0 -31621.0 
260.0 -31621.0 
257.0 -31529.0 
264.0 -32051.0 
248.0 -30977.0 
264.0 -32051.0 
250.0 -31119.0 
260.0 -31621.0 
264.0 -32051.0 
254.0 -31189.0 
267.0 -32060.0 
248.0 -30977.0 
264.0 -32051.0 
260.0 -31621.0 
250.0 -31119.0 
241.0 -30719.0 
264.0 -32051.0 
260.0 -31621.0 
257.0 -31529.0 
251.0 -31140.0 
260.0 -31621.0 
231.0 -30077.0 
258.0 -31597.0 
245.0 -30803.0 
251.0 -31140.0 
267.0 -32060.0 
254.0 -31189.0 
264.0 -32051.0 
222.0 -29335.0 
223.0 -29358.0 
260.0 -31621.0 
254.0 -31189.0 
231.0 -30077.0 
260.0 -31621.0 
264.0 -32051.0 
251.0 -31140.0 
255.0 -31251.0 
231.0 -30077.0 
237.0 -30373.0 
264.0 -32051.0 
234.0 -30272.0 
264.0 -32051.0 
251.0 -31140.0 
260.0 -31621.0 
249.0 -30899.0 
249.0 -30899.0 
249.0 -30899.0 
249.0 -30899.0 
248.0 -30877.0 
249.0 -30899.0 
250.0 -31049.0 
241.0 -30374.0 
241.0 -30374.0 
241.0 -30374.0 
241.0 -30374.0 
241.0 -30374.0 
241.0 -30374.0 
243.0 -30576.0 
241.0 -30374.0 
242.0 -30388.0 
243.0 -30576.0 
257.0 -31377.0 
259.0 -31474.0 
247.0 -30676.0 
247.0 -30676.0 
247.0 -30676.0 
247.0 -30676.0 
245.0 -30628.0 
223.0 -29332.0 
255.0 -31228.0 
256.0 -31242.0 
232.0 -29999.0 
232.0 -29999.0 
232.0 -29999.0 
231.0 -29354.0 
232.0 -29999.0 
232.0 -29999.0 
238.0 -30345.0 
237.0 -30264.0 
264.0 -31987.0 
264.0 -31987.0 
264.0 -31987.0 
253.0 -31067.0 
261.0 -31502.0 
223.0 -29174.0 
268.0 -31982.0 
246.0 -30578.0 
231.0 -29320.0 
232.0 -29974.0 
249.0 -30826.0 
241.0 -30367.0 
264.0 -31530.0 
230.0 -29177.0 
261.0 -31454.0 
265.0 -31909.0 
238.0 -30018.0 
239.0 -30232.0 
256.0 -31109.0 
258.0 -31322.0 
