286.0 -26898.0 
326.0 -29083.0 
288.0 -27573.0 
292.0 -27777.0 
273.0 -26779.0 
310.0 -29001.0 
302.0 -28265.0 
299.0 -27885.0 
289.0 -27043.0 
291.0 -27408.0 
297.0 -27773.0 
295.0 -27627.0 
282.0 -26294.0 
284.0 -26479.0 
279.0 -26152.0 
287.0 -26718.0 
281.0 -26280.0 
315.0 -28963.0 
313.0 -28416.0 
310.0 -27831.0 
302.0 -27726.0 
298.0 -27439.0 
299.0 -27492.0 
285.0 -26337.0 
285.0 -26337.0 
285.0 -26337.0 
279.0 -25865.0 
280.0 -25916.0 
287.0 -26474.0 
291.0 -26532.0 
292.0 -26541.0 
319.0 -28894.0 
318.0 -28809.0 
316.0 -28249.0 
315.0 -27848.0 
314.0 -27809.0 
309.0 -27603.0 
299.0 -27286.0 
307.0 -27400.0 
285.0 -25844.0 
288.0 -25956.0 
293.0 -26439.0 
330.0 -28506.0 
342.0 -28706.0 
334.0 -28604.0 
327.0 -28331.0 
323.0 -28104.0 
320.0 -28038.0 
318.0 -27695.0 
312.0 -27550.0 
309.0 -27408.0 
305.0 -26982.0 
302.0 -26928.0 
299.0 -26604.0 
300.0 -26631.0 
303.0 -26935.0 
307.0 -27284.0 
290.0 -25937.0 
298.0 -26398.0 
298.0 -26398.0 
294.0 -26343.0 
295.0 -26370.0 
293.0 -26249.0 
347.0 -28379.0 
350.0 -28565.0 
331.0 -28120.0 
338.0 -28299.0 
326.0 -28089.0 
326.0 -28089.0 
326.0 -28089.0 
322.0 -27757.0 
318.0 -27673.0 
313.0 -27479.0 
309.0 -27315.0 
302.0 -26873.0 
301.0 -26400.0 
308.0 -27253.0 
307.0 -27191.0 
308.0 -27253.0 
307.0 -27191.0 
307.0 -27191.0 
290.0 -25745.0 
291.0 -25890.0 
291.0 -25890.0 
291.0 -25890.0 
300.0 -26223.0 
299.0 -26210.0 
296.0 -26124.0 
295.0 -25905.0 
331.0 -28088.0 
327.0 -28079.0 
326.0 -27890.0 
322.0 -27696.0 
323.0 -27752.0 
290.0 -25370.0 
338.0 -28081.0 
296.0 -26041.0 
302.0 -26677.0 
326.0 -27689.0 
309.0 -27189.0 
