427.0 -23128.0 
369.0 -21405.0 
374.0 -22929.0 
426.0 -23015.0 
374.0 -22547.0 
388.0 -22922.0 
380.0 -22631.0 
382.0 -22870.0 
379.0 -22144.0 
426.0 -22894.0 
411.0 -22289.0 
411.0 -22289.0 
382.0 -22152.0 
407.0 -22279.0 
383.0 -21976.0 
421.0 -22244.0 
420.0 -22001.0 
385.0 -21725.0 
402.0 -21829.0 
401.0 -21757.0 
383.0 -21430.0 
435.0 -22044.0 
423.0 -21842.0 
387.0 -21648.0 
408.0 -21813.0 
386.0 -21124.0 
384.0 -20679.0 
440.0 -21967.0 
446.0 -21995.0 
446.0 -21995.0 
388.0 -21573.0 
413.0 -21776.0 
416.0 -21777.0 
408.0 -21697.0 
441.0 -21899.0 
402.0 -21547.0 
391.0 -21036.0 
415.0 -21747.0 
413.0 -21736.0 
406.0 -21221.0 
403.0 -21077.0 
407.0 -21539.0 
400.0 -21026.0 
391.0 -20611.0 
400.0 -21026.0 
431.0 -21689.0 
421.0 -21578.0 
407.0 -21170.0 
413.0 -21324.0 
417.0 -21345.0 
410.0 -21222.0 
393.0 -20208.0 
394.0 -20594.0 
401.0 -20717.0 
401.0 -20717.0 
406.0 -21012.0 
406.0 -21012.0 
403.0 -20838.0 
438.0 -21676.0 
433.0 -21535.0 
425.0 -21531.0 
420.0 -21302.0 
421.0 -21318.0 
417.0 -21081.0 
394.0 -20529.0 
403.0 -20549.0 
412.0 -20731.0 
438.0 -21577.0 
450.0 -21648.0 
438.0 -21577.0 
432.0 -21319.0 
424.0 -21175.0 
423.0 -21102.0 
430.0 -21273.0 
429.0 -21269.0 
417.0 -20993.0 
395.0 -20421.0 
394.0 -20397.0 
407.0 -20473.0 
410.0 -20541.0 
413.0 -20697.0 
459.0 -21509.0 
456.0 -21459.0 
447.0 -21305.0 
428.0 -21135.0 
437.0 -21242.0 
436.0 -21218.0 
418.0 -20957.0 
400.0 -20291.0 
404.0 -20385.0 
411.0 -20541.0 
444.0 -21224.0 
401.0 -19856.0 
428.0 -21118.0 
408.0 -20378.0 
439.0 -21169.0 
425.0 -20787.0 
404.0 -19999.0 
420.0 -20477.0 
416.0 -20403.0 
