322.0 -26757.0 
341.0 -27560.0 
285.0 -26337.0 
323.0 -27185.0 
309.0 -26661.0 
298.0 -26398.0 
285.0 -26337.0 
337.0 -27550.0 
347.0 -27957.0 
298.0 -26398.0 
323.0 -27023.0 
329.0 -27172.0 
323.0 -27023.0 
324.0 -27053.0 
319.0 -26660.0 
291.0 -25693.0 
295.0 -25819.0 
344.0 -27515.0 
337.0 -27377.0 
340.0 -27492.0 
359.0 -27620.0 
303.0 -26368.0 
329.0 -27098.0 
329.0 -27098.0 
323.0 -26987.0 
321.0 -26374.0 
299.0 -25625.0 
301.0 -25725.0 
337.0 -27155.0 
341.0 -27414.0 
303.0 -25796.0 
308.0 -26270.0 
320.0 -26351.0 
315.0 -26314.0 
329.0 -26936.0 
324.0 -26581.0 
325.0 -26727.0 
300.0 -25601.0 
301.0 -25652.0 
343.0 -27337.0 
358.0 -27339.0 
341.0 -27221.0 
303.0 -25715.0 
303.0 -25715.0 
310.0 -26110.0 
310.0 -26110.0 
308.0 -26050.0 
312.0 -26111.0 
321.0 -26220.0 
316.0 -26134.0 
323.0 -26225.0 
336.0 -26786.0 
337.0 -26825.0 
338.0 -26901.0 
324.0 -26331.0 
325.0 -26639.0 
325.0 -26639.0 
328.0 -26655.0 
330.0 -26669.0 
302.0 -25618.0 
301.0 -25105.0 
356.0 -27335.0 
355.0 -27260.0 
356.0 -27335.0 
351.0 -27156.0 
346.0 -26961.0 
350.0 -26970.0 
314.0 -25831.0 
321.0 -26181.0 
316.0 -26044.0 
318.0 -26116.0 
337.0 -26758.0 
341.0 -26879.0 
327.0 -26518.0 
326.0 -26515.0 
303.0 -25137.0 
308.0 -25590.0 
305.0 -25326.0 
302.0 -24803.0 
302.0 -24803.0 
302.0 -24803.0 
351.0 -27130.0 
315.0 -25604.0 
316.0 -25966.0 
321.0 -26008.0 
319.0 -25968.0 
339.0 -26599.0 
342.0 -26801.0 
327.0 -26502.0 
326.0 -26072.0 
308.0 -25542.0 
307.0 -24970.0 
306.0 -24750.0 
363.0 -27095.0 
353.0 -27049.0 
368.0 -27110.0 
325.0 -25973.0 
321.0 -25878.0 
322.0 -25898.0 
319.0 -25582.0 
