415.0 -19216.0 
453.0 -19459.0 
442.0 -19058.0 
428.0 -18710.0 
479.0 -19260.0 
474.0 -19142.0 
461.0 -18916.0 
439.0 -18233.0 
449.0 -18532.0 
494.0 -18956.0 
470.0 -18863.0 
466.0 -18739.0 
445.0 -18203.0 
451.0 -18322.0 
474.0 -18584.0 
489.0 -18651.0 
466.0 -18510.0 
460.0 -18270.0 
455.0 -18151.0 
493.0 -18607.0 
478.0 -18389.0 
492.0 -18390.0 
474.0 -18156.0 
457.0 -17179.0 
467.0 -17883.0 
470.0 -18150.0 
462.0 -17637.0 
501.0 -18471.0 
484.0 -18332.0 
468.0 -17754.0 
473.0 -18047.0 
463.0 -17580.0 
508.0 -18381.0 
499.0 -18258.0 
474.0 -17758.0 
479.0 -17930.0 
495.0 -17978.0 
466.0 -17541.0 
471.0 -17576.0 
464.0 -16995.0 
516.0 -18099.0 
512.0 -18032.0 
493.0 -17801.0 
489.0 -17583.0 
489.0 -17583.0 
493.0 -17801.0 
467.0 -17095.0 
471.0 -17213.0 
488.0 -17491.0 
481.0 -17427.0 
473.0 -17369.0 
465.0 -16966.0 
518.0 -18024.0 
515.0 -17993.0 
505.0 -17755.0 
494.0 -17451.0 
487.0 -17421.0 
479.0 -17320.0 
483.0 -17326.0 
472.0 -16797.0 
478.0 -16800.0 
469.0 -16694.0 
510.0 -17741.0 
504.0 -17345.0 
482.0 -16936.0 
489.0 -17104.0 
491.0 -17275.0 
475.0 -16764.0 
470.0 -16446.0 
510.0 -17520.0 
495.0 -17172.0 
478.0 -16733.0 
472.0 -16277.0 
476.0 -16351.0 
516.0 -17428.0 
516.0 -17428.0 
499.0 -17144.0 
497.0 -17074.0 
495.0 -16796.0 
492.0 -16448.0 
489.0 -16404.0 
476.0 -16200.0 
483.0 -16231.0 
519.0 -17281.0 
506.0 -16937.0 
496.0 -16718.0 
495.0 -16366.0 
489.0 -16183.0 
484.0 -15687.0 
487.0 -16022.0 
519.0 -17215.0 
509.0 -16863.0 
499.0 -16404.0 
500.0 -16413.0 
492.0 -15774.0 
491.0 -15467.0 
530.0 -17170.0 
499.0 -15627.0 
519.0 -17049.0 
501.0 -16282.0 
