489.0 -17583.0 
519.0 -17215.0 
499.0 -16404.0 
492.0 -15774.0 
527.0 -17048.0 
527.0 -17048.0 
509.0 -14621.0 
535.0 -16411.0 
530.0 -15528.0 
542.0 -16070.0 
551.0 -15502.0 
550.0 -14794.0 
551.0 -15502.0 
572.0 -14420.0 
536.0 -19640.0 
517.0 -19018.0 
594.0 -19822.0 
459.0 -15674.0 
551.0 -17506.0 
577.0 -18278.0 
544.0 -16969.0 
594.0 -19748.0 
694.0 -19753.0 
474.0 -14266.0 
584.0 -17468.0 
553.0 -16002.0 
566.0 -16516.0 
581.0 -16576.0 
665.0 -19271.0 
599.0 -17609.0 
615.0 -18533.0 
636.0 -18907.0 
595.0 -17539.0 
696.0 -19434.0 
702.0 -19573.0 
576.0 -15876.0 
590.0 -16114.0 
622.0 -18430.0 
619.0 -18196.0 
651.0 -18483.0 
678.0 -18584.0 
672.0 -18491.0 
612.0 -17181.0 
595.0 -16940.0 
608.0 -17097.0 
699.0 -18759.0 
743.0 -19441.0 
708.0 -19394.0 
745.0 -19564.0 
581.0 -15151.0 
635.0 -18172.0 
630.0 -17891.0 
679.0 -18400.0 
596.0 -16845.0 
601.0 -16854.0 
730.0 -18830.0 
734.0 -19320.0 
593.0 -15114.0 
585.0 -14928.0 
649.0 -17936.0 
636.0 -17908.0 
638.0 -17929.0 
630.0 -16986.0 
631.0 -17569.0 
715.0 -18234.0 
720.0 -18351.0 
701.0 -18175.0 
608.0 -16471.0 
617.0 -16832.0 
606.0 -16014.0 
624.0 -16848.0 
734.0 -18723.0 
737.0 -19274.0 
597.0 -14410.0 
680.0 -17899.0 
649.0 -17850.0 
631.0 -17388.0 
703.0 -18146.0 
610.0 -16268.0 
608.0 -16165.0 
618.0 -16492.0 
606.0 -15838.0 
750.0 -18429.0 
605.0 -13824.0 
597.0 -13160.0 
692.0 -17803.0 
663.0 -17547.0 
652.0 -16657.0 
642.0 -16648.0 
660.0 -17223.0 
721.0 -18007.0 
616.0 -16192.0 
612.0 -16100.0 
611.0 -15588.0 
768.0 -18364.0 
758.0 -17917.0 
611.0 -13663.0 
664.0 -17477.0 
643.0 -16203.0 
615.0 -15647.0 
