260.0 -31621.0 
260.0 -31621.0 
260.0 -31621.0 
257.0 -31529.0 
264.0 -32051.0 
255.0 -31228.0 
223.0 -28783.0 
238.0 -30345.0 
248.0 -30977.0 
264.0 -32051.0 
250.0 -31119.0 
260.0 -31621.0 
264.0 -32051.0 
254.0 -31189.0 
267.0 -32060.0 
248.0 -30977.0 
264.0 -32051.0 
260.0 -31621.0 
250.0 -31119.0 
241.0 -30719.0 
230.0 -29177.0 
264.0 -32051.0 
260.0 -31621.0 
257.0 -31529.0 
251.0 -31140.0 
260.0 -31621.0 
231.0 -30077.0 
258.0 -31597.0 
227.0 -29116.0 
245.0 -30803.0 
251.0 -31140.0 
227.0 -29116.0 
267.0 -32060.0 
254.0 -31189.0 
223.0 -28639.0 
240.0 -30196.0 
249.0 -30899.0 
249.0 -30899.0 
249.0 -30899.0 
249.0 -30899.0 
248.0 -30877.0 
241.0 -30374.0 
241.0 -30374.0 
241.0 -30374.0 
241.0 -30374.0 
241.0 -30374.0 
241.0 -30374.0 
243.0 -30576.0 
241.0 -30374.0 
264.0 -31987.0 
257.0 -31377.0 
231.0 -29354.0 
232.0 -29999.0 
232.0 -29999.0 
238.0 -30018.0 
261.0 -31454.0 
247.0 -30676.0 
253.0 -31067.0 
252.0 -30994.0 
252.0 -30994.0 
227.0 -29114.0 
255.0 -31104.0 
256.0 -31109.0 
256.0 -31109.0 
240.0 -30154.0 
250.0 -30698.0 
246.0 -30508.0 
244.0 -30293.0 
243.0 -30227.0 
244.0 -30293.0 
265.0 -31909.0 
265.0 -31909.0 
265.0 -31909.0 
265.0 -31909.0 
265.0 -31909.0 
265.0 -31909.0 
264.0 -31530.0 
265.0 -31909.0 
265.0 -31909.0 
265.0 -31909.0 
264.0 -31530.0 
265.0 -31909.0 
265.0 -31909.0 
264.0 -31530.0 
258.0 -31299.0 
260.0 -31316.0 
257.0 -31169.0 
234.0 -29984.0 
232.0 -29483.0 
263.0 -31435.0 
263.0 -31435.0 
249.0 -30673.0 
247.0 -30529.0 
253.0 -30808.0 
254.0 -30889.0 
252.0 -30771.0 
228.0 -29019.0 
228.0 -29019.0 
227.0 -28502.0 
255.0 -31024.0 
