385.0 -21725.0 
394.0 -20529.0 
401.0 -20717.0 
406.0 -21221.0 
431.0 -21689.0 
401.0 -20717.0 
420.0 -21302.0 
393.0 -20208.0 
403.0 -21077.0 
404.0 -19999.0 
417.0 -20993.0 
413.0 -20697.0 
408.0 -19975.0 
425.0 -20787.0 
456.0 -20877.0 
443.0 -20795.0 
416.0 -20403.0 
415.0 -19995.0 
415.0 -19995.0 
410.0 -19702.0 
411.0 -19789.0 
426.0 -20702.0 
425.0 -20542.0 
457.0 -20769.0 
422.0 -20289.0 
415.0 -19472.0 
420.0 -19783.0 
431.0 -20686.0 
423.0 -20253.0 
415.0 -19216.0 
417.0 -19253.0 
421.0 -19405.0 
421.0 -19405.0 
434.0 -20637.0 
433.0 -20007.0 
423.0 -19552.0 
427.0 -19839.0 
428.0 -19883.0 
422.0 -19367.0 
435.0 -20455.0 
453.0 -20615.0 
427.0 -19654.0 
430.0 -19793.0 
423.0 -18758.0 
424.0 -18828.0 
425.0 -18957.0 
435.0 -20106.0 
443.0 -20321.0 
459.0 -20411.0 
464.0 -20577.0 
428.0 -19651.0 
428.0 -19651.0 
424.0 -18690.0 
441.0 -19800.0 
435.0 -19684.0 
447.0 -20184.0 
456.0 -20297.0 
446.0 -20156.0 
450.0 -20249.0 
462.0 -20399.0 
465.0 -20508.0 
428.0 -19263.0 
431.0 -19281.0 
432.0 -19545.0 
429.0 -19276.0 
442.0 -19748.0 
439.0 -19582.0 
449.0 -19965.0 
448.0 -19808.0 
452.0 -20239.0 
467.0 -20336.0 
428.0 -18710.0 
435.0 -19539.0 
429.0 -19148.0 
433.0 -19243.0 
446.0 -19634.0 
450.0 -19792.0 
456.0 -20203.0 
453.0 -19957.0 
455.0 -20048.0 
479.0 -20280.0 
436.0 -19401.0 
443.0 -19451.0 
430.0 -19124.0 
434.0 -19185.0 
448.0 -19615.0 
451.0 -19741.0 
458.0 -20137.0 
474.0 -20179.0 
474.0 -20179.0 
454.0 -19938.0 
455.0 -19993.0 
440.0 -19384.0 
444.0 -19399.0 
431.0 -18606.0 
433.0 -19057.0 
459.0 -20130.0 
433.0 -18402.0 
447.0 -19205.0 
434.0 -19036.0 
