370.0 -24106.0 
348.0 -23502.0 
344.0 -23284.0 
376.0 -24980.0 
374.0 -23975.0 
361.0 -22112.0 
366.0 -22694.0 
368.0 -23165.0 
372.0 -23268.0 
393.0 -24074.0 
409.0 -24132.0 
380.0 -23878.0 
366.0 -22052.0 
369.0 -22638.0 
374.0 -22929.0 
419.0 -23976.0 
380.0 -23762.0 
415.0 -23772.0 
369.0 -21405.0 
371.0 -21984.0 
371.0 -21984.0 
369.0 -21405.0 
372.0 -22378.0 
370.0 -21684.0 
374.0 -22547.0 
380.0 -22631.0 
382.0 -23122.0 
390.0 -23545.0 
385.0 -23533.0 
384.0 -23339.0 
380.0 -22631.0 
400.0 -23631.0 
372.0 -21487.0 
375.0 -22540.0 
374.0 -21616.0 
382.0 -22870.0 
388.0 -22922.0 
388.0 -22922.0 
397.0 -23236.0 
414.0 -23365.0 
429.0 -23500.0 
376.0 -22417.0 
377.0 -22511.0 
375.0 -21537.0 
388.0 -22779.0 
398.0 -22976.0 
409.0 -22994.0 
414.0 -23024.0 
417.0 -23349.0 
416.0 -23127.0 
376.0 -21665.0 
379.0 -22144.0 
378.0 -21723.0 
382.0 -22406.0 
393.0 -22750.0 
391.0 -22608.0 
389.0 -22517.0 
406.0 -22904.0 
427.0 -23128.0 
427.0 -23128.0 
432.0 -23339.0 
419.0 -23075.0 
420.0 -23099.0 
418.0 -22932.0 
376.0 -21575.0 
379.0 -22025.0 
382.0 -22152.0 
402.0 -22668.0 
401.0 -22617.0 
392.0 -22200.0 
397.0 -22336.0 
394.0 -22314.0 
409.0 -22831.0 
413.0 -22881.0 
427.0 -23028.0 
426.0 -23015.0 
378.0 -21299.0 
383.0 -21976.0 
382.0 -21808.0 
388.0 -22088.0 
407.0 -22279.0 
396.0 -22098.0 
411.0 -22289.0 
411.0 -22289.0 
412.0 -22441.0 
417.0 -22567.0 
418.0 -22614.0 
419.0 -22814.0 
426.0 -22894.0 
381.0 -21031.0 
385.0 -21725.0 
383.0 -21430.0 
385.0 -21725.0 
394.0 -21752.0 
429.0 -22888.0 
384.0 -20793.0 
387.0 -21648.0 
401.0 -21757.0 
420.0 -22692.0 
386.0 -21124.0 
