322.0 -26757.0 
341.0 -27560.0 
285.0 -26337.0 
323.0 -27185.0 
309.0 -26661.0 
298.0 -26398.0 
285.0 -26337.0 
337.0 -27550.0 
323.0 -27023.0 
329.0 -27172.0 
323.0 -27023.0 
324.0 -27053.0 
321.0 -26374.0 
299.0 -25625.0 
303.0 -25796.0 
308.0 -26270.0 
344.0 -27515.0 
337.0 -27377.0 
341.0 -27414.0 
329.0 -27098.0 
329.0 -27098.0 
323.0 -26987.0 
302.0 -25618.0 
300.0 -25601.0 
303.0 -25715.0 
303.0 -25715.0 
321.0 -26220.0 
310.0 -26110.0 
316.0 -26134.0 
310.0 -26110.0 
308.0 -26050.0 
312.0 -26111.0 
343.0 -27337.0 
329.0 -26936.0 
324.0 -26581.0 
323.0 -26225.0 
325.0 -26727.0 
301.0 -25105.0 
303.0 -25137.0 
321.0 -26181.0 
308.0 -25590.0 
316.0 -26044.0 
314.0 -25831.0 
356.0 -27335.0 
351.0 -27156.0 
355.0 -27260.0 
336.0 -26786.0 
337.0 -26825.0 
325.0 -26639.0 
325.0 -26639.0 
328.0 -26655.0 
330.0 -26669.0 
302.0 -24803.0 
302.0 -24803.0 
302.0 -24803.0 
307.0 -24970.0 
308.0 -25542.0 
316.0 -25966.0 
321.0 -26008.0 
319.0 -25968.0 
315.0 -25604.0 
351.0 -27130.0 
337.0 -26758.0 
343.0 -26786.0 
327.0 -26518.0 
306.0 -24750.0 
307.0 -24897.0 
308.0 -25486.0 
325.0 -25973.0 
321.0 -25878.0 
322.0 -25898.0 
319.0 -25582.0 
363.0 -27095.0 
353.0 -27049.0 
372.0 -27097.0 
341.0 -26596.0 
343.0 -26784.0 
327.0 -26502.0 
307.0 -24626.0 
310.0 -25459.0 
309.0 -25431.0 
308.0 -25236.0 
321.0 -25654.0 
325.0 -25839.0 
322.0 -25758.0 
319.0 -25524.0 
354.0 -27040.0 
354.0 -27040.0 
307.0 -24576.0 
359.0 -27003.0 
337.0 -26483.0 
324.0 -25583.0 
357.0 -26815.0 
328.0 -26370.0 
344.0 -26714.0 
319.0 -25415.0 
308.0 -25009.0 
311.0 -25379.0 
327.0 -26087.0 
344.0 -26714.0 
