335.0 -24629.0 
396.0 -25197.0 
360.0 -24997.0 
359.0 -24505.0 
351.0 -24379.0 
342.0 -24306.0 
336.0 -23969.0 
376.0 -24980.0 
369.0 -24940.0 
367.0 -24220.0 
361.0 -24098.0 
345.0 -23560.0 
354.0 -23789.0 
338.0 -23440.0 
352.0 -23720.0 
370.0 -24314.0 
393.0 -24897.0 
409.0 -24931.0 
377.0 -24569.0 
392.0 -24734.0 
363.0 -23822.0 
367.0 -23933.0 
348.0 -23502.0 
344.0 -23284.0 
345.0 -23387.0 
359.0 -23692.0 
370.0 -24106.0 
373.0 -24188.0 
388.0 -24233.0 
394.0 -24650.0 
410.0 -24674.0 
364.0 -23747.0 
368.0 -23767.0 
352.0 -22891.0 
355.0 -23192.0 
347.0 -22654.0 
353.0 -23001.0 
351.0 -22822.0 
359.0 -23624.0 
361.0 -23683.0 
372.0 -24094.0 
393.0 -24150.0 
392.0 -24130.0 
402.0 -24260.0 
356.0 -23006.0 
349.0 -22551.0 
349.0 -22551.0 
355.0 -22979.0 
354.0 -22749.0 
360.0 -23312.0 
364.0 -23611.0 
374.0 -23975.0 
378.0 -24067.0 
375.0 -23984.0 
393.0 -24074.0 
393.0 -24074.0 
409.0 -24132.0 
355.0 -22608.0 
362.0 -23131.0 
360.0 -23000.0 
364.0 -23540.0 
367.0 -23576.0 
380.0 -23878.0 
380.0 -23878.0 
387.0 -23883.0 
395.0 -23910.0 
397.0 -24037.0 
396.0 -23979.0 
420.0 -24053.0 
361.0 -22819.0 
362.0 -22988.0 
367.0 -23561.0 
380.0 -23762.0 
384.0 -23861.0 
383.0 -23788.0 
410.0 -24016.0 
410.0 -24016.0 
421.0 -24019.0 
361.0 -22307.0 
363.0 -22956.0 
368.0 -23218.0 
372.0 -23268.0 
374.0 -23475.0 
382.0 -23686.0 
397.0 -23846.0 
407.0 -23859.0 
391.0 -23794.0 
384.0 -23726.0 
383.0 -23696.0 
419.0 -23976.0 
414.0 -23891.0 
419.0 -23976.0 
361.0 -22112.0 
421.0 -23891.0 
421.0 -23891.0 
363.0 -22736.0 
384.0 -23709.0 
391.0 -23768.0 
375.0 -23473.0 
405.0 -23794.0 
