239.0 -29843.0 
236.0 -29402.0 
260.0 -31621.0 
239.0 -29843.0 
239.0 -29843.0 
265.0 -31909.0 
228.0 -28772.0 
249.0 -30899.0 
265.0 -31909.0 
249.0 -30899.0 
265.0 -31909.0 
236.0 -29402.0 
229.0 -29016.0 
265.0 -31909.0 
236.0 -29402.0 
228.0 -28772.0 
253.0 -31067.0 
265.0 -31909.0 
260.0 -31621.0 
265.0 -31909.0 
260.0 -31621.0 
255.0 -31104.0 
238.0 -29629.0 
236.0 -29402.0 
257.0 -31529.0 
256.0 -31109.0 
235.0 -29238.0 
228.0 -28772.0 
241.0 -30374.0 
251.0 -30400.0 
252.0 -30640.0 
232.0 -28859.0 
231.0 -28817.0 
253.0 -30808.0 
266.0 -31783.0 
266.0 -31783.0 
267.0 -31906.0 
266.0 -31783.0 
264.0 -31530.0 
265.0 -31538.0 
255.0 -30853.0 
255.0 -30853.0 
238.0 -29560.0 
237.0 -29276.0 
257.0 -31169.0 
258.0 -31299.0 
256.0 -30949.0 
235.0 -28904.0 
236.0 -29174.0 
228.0 -28573.0 
228.0 -28573.0 
247.0 -30223.0 
247.0 -30223.0 
247.0 -30223.0 
247.0 -30223.0 
246.0 -30074.0 
246.0 -30074.0 
243.0 -29652.0 
248.0 -30344.0 
245.0 -29927.0 
252.0 -30448.0 
233.0 -28672.0 
233.0 -28672.0 
253.0 -30684.0 
254.0 -30716.0 
268.0 -31896.0 
268.0 -31896.0 
265.0 -31347.0 
267.0 -31355.0 
242.0 -29514.0 
238.0 -29309.0 
238.0 -29309.0 
238.0 -29309.0 
241.0 -29375.0 
241.0 -29375.0 
257.0 -31044.0 
260.0 -31171.0 
260.0 -31171.0 
262.0 -31208.0 
258.0 -31098.0 
256.0 -30822.0 
236.0 -29042.0 
229.0 -28549.0 
243.0 -29633.0 
249.0 -30124.0 
248.0 -30055.0 
251.0 -30132.0 
246.0 -29687.0 
269.0 -31818.0 
269.0 -31818.0 
230.0 -28448.0 
252.0 -30443.0 
234.0 -28651.0 
247.0 -29450.0 
267.0 -31265.0 
249.0 -29965.0 
239.0 -29005.0 
236.0 -28933.0 
268.0 -31801.0 
248.0 -29948.0 
