322.0 -26757.0 
329.0 -27098.0 
329.0 -27098.0 
341.0 -27560.0 
285.0 -26337.0 
325.0 -26639.0 
325.0 -26639.0 
329.0 -26936.0 
356.0 -27335.0 
351.0 -27130.0 
321.0 -26220.0 
299.0 -25625.0 
310.0 -26110.0 
316.0 -26134.0 
310.0 -26110.0 
303.0 -25715.0 
327.0 -26518.0 
336.0 -26786.0 
354.0 -27040.0 
301.0 -25105.0 
316.0 -26044.0 
314.0 -25831.0 
308.0 -25590.0 
327.0 -26502.0 
337.0 -26758.0 
343.0 -26786.0 
369.0 -26924.0 
357.0 -26815.0 
307.0 -24897.0 
302.0 -24803.0 
325.0 -25973.0 
316.0 -25966.0 
310.0 -25459.0 
308.0 -25009.0 
309.0 -25182.0 
327.0 -26087.0 
327.0 -26087.0 
328.0 -26135.0 
331.0 -26267.0 
337.0 -26483.0 
344.0 -26714.0 
344.0 -26714.0 
368.0 -26809.0 
306.0 -24750.0 
319.0 -25582.0 
325.0 -25839.0 
321.0 -25654.0 
311.0 -25379.0 
309.0 -25069.0 
327.0 -25987.0 
333.0 -26233.0 
342.0 -26281.0 
344.0 -26554.0 
370.0 -26724.0 
307.0 -24626.0 
324.0 -25516.0 
326.0 -25562.0 
311.0 -25377.0 
327.0 -25932.0 
336.0 -26118.0 
343.0 -26240.0 
346.0 -26284.0 
348.0 -26429.0 
352.0 -26536.0 
383.0 -26560.0 
307.0 -24576.0 
324.0 -25456.0 
312.0 -24920.0 
312.0 -24920.0 
311.0 -24633.0 
312.0 -24920.0 
313.0 -25346.0 
327.0 -25731.0 
329.0 -25787.0 
336.0 -25975.0 
338.0 -26095.0 
351.0 -26364.0 
349.0 -26192.0 
352.0 -26513.0 
373.0 -26534.0 
373.0 -26534.0 
324.0 -25415.0 
315.0 -25266.0 
314.0 -24453.0 
328.0 -25658.0 
340.0 -25809.0 
345.0 -25934.0 
338.0 -25780.0 
350.0 -26161.0 
364.0 -26377.0 
359.0 -26329.0 
354.0 -26252.0 
354.0 -26252.0 
374.0 -26514.0 
385.0 -26518.0 
325.0 -25366.0 
319.0 -25253.0 
318.0 -24624.0 
315.0 -24595.0 
314.0 -24333.0 
