394.0 -20529.0 
401.0 -20717.0 
406.0 -21221.0 
404.0 -19999.0 
425.0 -20787.0 
416.0 -20403.0 
415.0 -19995.0 
415.0 -19995.0 
410.0 -19702.0 
411.0 -19789.0 
426.0 -20702.0 
457.0 -20769.0 
422.0 -20289.0 
415.0 -19472.0 
420.0 -19783.0 
434.0 -20637.0 
423.0 -20253.0 
415.0 -19216.0 
421.0 -19405.0 
421.0 -19405.0 
465.0 -20508.0 
435.0 -20455.0 
433.0 -20007.0 
423.0 -19552.0 
427.0 -19839.0 
422.0 -19367.0 
447.0 -20184.0 
435.0 -20106.0 
456.0 -20297.0 
459.0 -20411.0 
446.0 -20156.0 
427.0 -19654.0 
430.0 -19793.0 
423.0 -18758.0 
441.0 -19800.0 
456.0 -20203.0 
462.0 -20399.0 
455.0 -19993.0 
449.0 -19965.0 
428.0 -19651.0 
435.0 -19684.0 
424.0 -18690.0 
442.0 -19748.0 
458.0 -20137.0 
467.0 -20336.0 
453.0 -19957.0 
450.0 -19792.0 
428.0 -19263.0 
431.0 -19281.0 
432.0 -19545.0 
439.0 -19582.0 
446.0 -19634.0 
474.0 -20179.0 
474.0 -20179.0 
472.0 -20012.0 
479.0 -20280.0 
454.0 -19938.0 
428.0 -18710.0 
429.0 -19148.0 
435.0 -19539.0 
433.0 -19243.0 
448.0 -19615.0 
475.0 -20022.0 
454.0 -19815.0 
459.0 -19904.0 
431.0 -18606.0 
436.0 -19401.0 
443.0 -19451.0 
434.0 -19036.0 
453.0 -19459.0 
486.0 -20013.0 
477.0 -19966.0 
456.0 -19771.0 
468.0 -19851.0 
467.0 -19807.0 
433.0 -18402.0 
440.0 -19384.0 
444.0 -19399.0 
434.0 -19013.0 
454.0 -19440.0 
477.0 -19941.0 
462.0 -19758.0 
456.0 -19721.0 
469.0 -19799.0 
440.0 -19062.0 
449.0 -19114.0 
436.0 -18900.0 
435.0 -18121.0 
454.0 -19412.0 
458.0 -19596.0 
467.0 -19719.0 
473.0 -19774.0 
442.0 -19058.0 
436.0 -18697.0 
437.0 -18712.0 
481.0 -19741.0 
436.0 -18269.0 
454.0 -19398.0 
460.0 -19557.0 
446.0 -18608.0 
