461.0 -18916.0 
439.0 -18233.0 
474.0 -18584.0 
467.0 -17883.0 
518.0 -18024.0 
467.0 -17095.0 
474.0 -17758.0 
493.0 -17801.0 
470.0 -16446.0 
489.0 -17583.0 
483.0 -17326.0 
489.0 -17583.0 
478.0 -16733.0 
510.0 -17741.0 
476.0 -16200.0 
504.0 -17345.0 
495.0 -17172.0 
492.0 -15774.0 
491.0 -15467.0 
519.0 -17215.0 
496.0 -16718.0 
519.0 -17049.0 
499.0 -16404.0 
517.0 -16615.0 
527.0 -17048.0 
527.0 -17048.0 
521.0 -17039.0 
520.0 -17000.0 
508.0 -16357.0 
505.0 -16177.0 
532.0 -16981.0 
530.0 -16273.0 
508.0 -15953.0 
513.0 -16160.0 
535.0 -16411.0 
540.0 -16509.0 
509.0 -14621.0 
514.0 -15780.0 
531.0 -16151.0 
518.0 -16111.0 
515.0 -14936.0 
528.0 -15932.0 
536.0 -15977.0 
542.0 -16070.0 
517.0 -14916.0 
532.0 -15784.0 
528.0 -15648.0 
525.0 -14898.0 
551.0 -15669.0 
530.0 -15528.0 
528.0 -14685.0 
551.0 -15502.0 
551.0 -15502.0 
544.0 -15495.0 
530.0 -13622.0 
540.0 -14529.0 
539.0 -14413.0 
547.0 -15313.0 
544.0 -13331.0 
550.0 -14794.0 
547.0 -14500.0 
561.0 -15124.0 
558.0 -14370.0 
572.0 -14420.0 
565.0 -13987.0 
572.0 -13894.0 
662.0 -20666.0 
676.0 -21460.0 
416.0 -17560.0 
439.0 -17899.0 
516.0 -20328.0 
672.0 -21387.0 
417.0 -14929.0 
452.0 -17106.0 
574.0 -20290.0 
534.0 -19790.0 
516.0 -19182.0 
682.0 -21255.0 
459.0 -15674.0 
468.0 -15813.0 
581.0 -19880.0 
648.0 -19903.0 
536.0 -19640.0 
517.0 -19018.0 
516.0 -18277.0 
715.0 -20016.0 
460.0 -14174.0 
474.0 -14266.0 
484.0 -15448.0 
594.0 -19822.0 
523.0 -18436.0 
525.0 -18971.0 
565.0 -19001.0 
735.0 -19882.0 
486.0 -12734.0 
694.0 -19753.0 
493.0 -13918.0 
524.0 -17659.0 
594.0 -19748.0 
560.0 -18833.0 
