415.0 -19216.0 
479.0 -19260.0 
461.0 -18916.0 
439.0 -18233.0 
449.0 -18532.0 
474.0 -18584.0 
489.0 -18651.0 
466.0 -18510.0 
457.0 -17179.0 
467.0 -17883.0 
501.0 -18471.0 
470.0 -18150.0 
467.0 -17095.0 
508.0 -18381.0 
474.0 -17758.0 
479.0 -17930.0 
471.0 -17213.0 
470.0 -16446.0 
518.0 -18024.0 
493.0 -17801.0 
489.0 -17583.0 
489.0 -17583.0 
488.0 -17491.0 
493.0 -17801.0 
481.0 -17427.0 
479.0 -17320.0 
472.0 -16797.0 
478.0 -16800.0 
510.0 -17741.0 
483.0 -17326.0 
504.0 -17345.0 
472.0 -16277.0 
475.0 -16764.0 
516.0 -17428.0 
495.0 -17172.0 
489.0 -17104.0 
478.0 -16733.0 
476.0 -16351.0 
519.0 -17215.0 
499.0 -17144.0 
497.0 -17074.0 
496.0 -16718.0 
492.0 -16448.0 
476.0 -16200.0 
530.0 -17170.0 
519.0 -17049.0 
517.0 -16615.0 
499.0 -16404.0 
495.0 -16366.0 
489.0 -16183.0 
527.0 -17048.0 
527.0 -17048.0 
521.0 -17039.0 
520.0 -17000.0 
508.0 -16357.0 
501.0 -16282.0 
492.0 -15774.0 
491.0 -15467.0 
532.0 -16981.0 
530.0 -16879.0 
520.0 -16874.0 
505.0 -16177.0 
505.0 -16177.0 
530.0 -16273.0 
535.0 -16411.0 
540.0 -16509.0 
508.0 -15953.0 
513.0 -16160.0 
512.0 -15692.0 
508.0 -15642.0 
514.0 -15780.0 
531.0 -16151.0 
518.0 -16111.0 
509.0 -15569.0 
536.0 -15977.0 
542.0 -16070.0 
519.0 -15950.0 
532.0 -15952.0 
509.0 -14621.0 
515.0 -14936.0 
528.0 -15932.0 
526.0 -15895.0 
517.0 -14916.0 
544.0 -15901.0 
532.0 -15784.0 
528.0 -15648.0 
526.0 -15505.0 
535.0 -15794.0 
525.0 -14898.0 
544.0 -15838.0 
529.0 -15611.0 
525.0 -14865.0 
527.0 -14883.0 
551.0 -15669.0 
530.0 -15528.0 
528.0 -14685.0 
551.0 -15502.0 
551.0 -15502.0 
544.0 -15495.0 
533.0 -15488.0 
