252.0 -29453.0 
290.0 -31056.0 
297.0 -31152.0 
236.0 -28281.0 
290.0 -31056.0 
251.0 -29218.0 
259.0 -30372.0 
238.0 -28695.0 
265.0 -30846.0 
261.0 -30394.0 
245.0 -28958.0 
257.0 -29747.0 
265.0 -30846.0 
254.0 -29390.0 
295.0 -30990.0 
253.0 -29200.0 
253.0 -29200.0 
240.0 -28054.0 
242.0 -28473.0 
244.0 -28671.0 
262.0 -30072.0 
264.0 -30106.0 
262.0 -30072.0 
248.0 -28863.0 
247.0 -28829.0 
260.0 -29633.0 
271.0 -30605.0 
269.0 -30411.0 
271.0 -30605.0 
271.0 -30605.0 
266.0 -30150.0 
266.0 -30150.0 
293.0 -30843.0 
258.0 -29366.0 
258.0 -29366.0 
305.0 -30970.0 
301.0 -30919.0 
243.0 -28145.0 
242.0 -27772.0 
242.0 -27772.0 
244.0 -28562.0 
245.0 -28588.0 
262.0 -29945.0 
255.0 -28842.0 
255.0 -28842.0 
251.0 -28775.0 
253.0 -28783.0 
254.0 -28801.0 
260.0 -29545.0 
279.0 -30595.0 
279.0 -30595.0 
274.0 -30487.0 
274.0 -30487.0 
274.0 -30487.0 
273.0 -30397.0 
266.0 -30105.0 
269.0 -30124.0 
300.0 -30768.0 
258.0 -29055.0 
244.0 -27832.0 
250.0 -28464.0 
248.0 -28324.0 
246.0 -28304.0 
263.0 -29800.0 
252.0 -28775.0 
251.0 -28517.0 
260.0 -29262.0 
261.0 -29463.0 
262.0 -29468.0 
275.0 -30447.0 
267.0 -29879.0 
270.0 -30091.0 
313.0 -30746.0 
313.0 -30746.0 
305.0 -30456.0 
258.0 -28953.0 
247.0 -28242.0 
248.0 -28257.0 
250.0 -28301.0 
255.0 -28709.0 
252.0 -28588.0 
254.0 -28675.0 
261.0 -29422.0 
264.0 -29454.0 
264.0 -29454.0 
288.0 -30353.0 
276.0 -30326.0 
295.0 -30382.0 
292.0 -30369.0 
267.0 -29797.0 
273.0 -30044.0 
270.0 -29848.0 
270.0 -29848.0 
270.0 -29848.0 
270.0 -29848.0 
271.0 -29871.0 
273.0 -30044.0 
319.0 -30552.0 
319.0 -30552.0 
247.0 -28143.0 
