370.0 -26724.0 
311.0 -25379.0 
382.0 -25902.0 
379.0 -25857.0 
326.0 -24673.0 
320.0 -23860.0 
345.0 -25313.0 
329.0 -25060.0 
390.0 -25630.0 
385.0 -25545.0 
361.0 -25142.0 
369.0 -25192.0 
379.0 -25311.0 
330.0 -24349.0 
360.0 -24997.0 
357.0 -24986.0 
355.0 -24972.0 
330.0 -24349.0 
335.0 -24845.0 
392.0 -25467.0 
388.0 -25412.0 
384.0 -25177.0 
376.0 -24980.0 
369.0 -24968.0 
330.0 -23801.0 
341.0 -24743.0 
335.0 -24629.0 
349.0 -24772.0 
352.0 -24844.0 
389.0 -25371.0 
385.0 -25034.0 
369.0 -24940.0 
334.0 -23663.0 
333.0 -23537.0 
342.0 -24306.0 
336.0 -23969.0 
343.0 -24509.0 
345.0 -24613.0 
352.0 -24829.0 
396.0 -25197.0 
397.0 -25229.0 
393.0 -24897.0 
376.0 -24894.0 
337.0 -23923.0 
343.0 -23996.0 
347.0 -24567.0 
345.0 -24093.0 
355.0 -24632.0 
363.0 -24757.0 
396.0 -24976.0 
398.0 -25201.0 
387.0 -24893.0 
338.0 -23592.0 
337.0 -23254.0 
351.0 -24379.0 
354.0 -24426.0 
347.0 -24191.0 
359.0 -24505.0 
359.0 -24505.0 
379.0 -24688.0 
371.0 -24666.0 
409.0 -24931.0 
387.0 -24744.0 
405.0 -24796.0 
345.0 -23560.0 
338.0 -23440.0 
341.0 -23532.0 
352.0 -24194.0 
353.0 -24205.0 
350.0 -24124.0 
349.0 -23858.0 
363.0 -24451.0 
360.0 -24339.0 
372.0 -24463.0 
377.0 -24569.0 
380.0 -24665.0 
392.0 -24734.0 
392.0 -24734.0 
410.0 -24783.0 
344.0 -23284.0 
345.0 -23387.0 
346.0 -23513.0 
356.0 -24184.0 
353.0 -23987.0 
350.0 -23789.0 
364.0 -24448.0 
387.0 -24586.0 
412.0 -24686.0 
344.0 -23278.0 
348.0 -23502.0 
392.0 -24616.0 
378.0 -24367.0 
359.0 -23972.0 
361.0 -24098.0 
350.0 -23784.0 
410.0 -24674.0 
394.0 -24650.0 
354.0 -23789.0 
370.0 -24314.0 
376.0 -24366.0 
