385.0 -21725.0 
440.0 -21967.0 
402.0 -21829.0 
394.0 -20529.0 
393.0 -20208.0 
400.0 -21026.0 
406.0 -21221.0 
403.0 -21077.0 
413.0 -21776.0 
401.0 -20717.0 
401.0 -20717.0 
406.0 -21012.0 
415.0 -21747.0 
403.0 -20549.0 
413.0 -20697.0 
431.0 -21689.0 
420.0 -21302.0 
417.0 -20993.0 
421.0 -21578.0 
404.0 -19999.0 
411.0 -20541.0 
403.0 -19967.0 
438.0 -21676.0 
424.0 -21175.0 
437.0 -21242.0 
423.0 -21102.0 
408.0 -19975.0 
416.0 -20403.0 
415.0 -19995.0 
415.0 -19995.0 
420.0 -20477.0 
438.0 -21577.0 
450.0 -21648.0 
425.0 -20787.0 
424.0 -20583.0 
410.0 -19702.0 
411.0 -19789.0 
419.0 -19810.0 
422.0 -20289.0 
421.0 -20100.0 
447.0 -21305.0 
439.0 -21169.0 
459.0 -21509.0 
426.0 -20702.0 
434.0 -20758.0 
425.0 -20542.0 
415.0 -19472.0 
420.0 -19783.0 
423.0 -20253.0 
442.0 -20999.0 
446.0 -21134.0 
456.0 -21145.0 
431.0 -20686.0 
415.0 -19216.0 
417.0 -19253.0 
421.0 -19405.0 
421.0 -19405.0 
423.0 -19552.0 
427.0 -19839.0 
428.0 -19883.0 
428.0 -19883.0 
443.0 -20795.0 
453.0 -20929.0 
459.0 -20935.0 
468.0 -20953.0 
434.0 -20637.0 
432.0 -20430.0 
422.0 -19367.0 
425.0 -19416.0 
427.0 -19654.0 
430.0 -19793.0 
443.0 -20723.0 
456.0 -20877.0 
435.0 -20455.0 
441.0 -20457.0 
433.0 -20007.0 
434.0 -20347.0 
423.0 -18758.0 
424.0 -18828.0 
425.0 -18957.0 
428.0 -19651.0 
428.0 -19651.0 
453.0 -20615.0 
449.0 -20519.0 
443.0 -20474.0 
457.0 -20769.0 
459.0 -20801.0 
470.0 -20836.0 
439.0 -20362.0 
435.0 -20284.0 
424.0 -18690.0 
428.0 -19263.0 
431.0 -19281.0 
432.0 -19545.0 
429.0 -19276.0 
459.0 -20411.0 
464.0 -20577.0 
443.0 -20321.0 
435.0 -20106.0 
437.0 -20193.0 
