264.0 -32051.0 
248.0 -30977.0 
264.0 -32051.0 
250.0 -31119.0 
264.0 -32051.0 
267.0 -32060.0 
248.0 -30977.0 
264.0 -32051.0 
250.0 -31119.0 
241.0 -30719.0 
264.0 -32051.0 
251.0 -31140.0 
231.0 -30077.0 
245.0 -30803.0 
251.0 -31140.0 
267.0 -32060.0 
264.0 -32051.0 
222.0 -29335.0 
223.0 -29358.0 
231.0 -30077.0 
264.0 -32051.0 
251.0 -31140.0 
231.0 -30077.0 
264.0 -32051.0 
234.0 -30272.0 
264.0 -32051.0 
251.0 -31140.0 
230.0 -29696.0 
222.0 -29335.0 
253.0 -31384.0 
252.0 -31241.0 
248.0 -30977.0 
231.0 -30077.0 
223.0 -29358.0 
255.0 -31742.0 
236.0 -30452.0 
