239.0 -29843.0 
236.0 -29402.0 
247.0 -30223.0 
247.0 -30223.0 
260.0 -31621.0 
239.0 -29843.0 
239.0 -29843.0 
265.0 -31909.0 
258.0 -31098.0 
228.0 -28772.0 
249.0 -30899.0 
265.0 -31909.0 
249.0 -30899.0 
265.0 -31909.0 
247.0 -30223.0 
247.0 -30223.0 
236.0 -29402.0 
238.0 -29560.0 
229.0 -29016.0 
265.0 -31909.0 
246.0 -30074.0 
257.0 -31044.0 
260.0 -31171.0 
260.0 -31171.0 
264.0 -31530.0 
243.0 -29652.0 
255.0 -30853.0 
252.0 -30443.0 
255.0 -30853.0 
253.0 -30684.0 
251.0 -30132.0 
236.0 -29042.0 
238.0 -29309.0 
238.0 -29309.0 
238.0 -29309.0 
241.0 -29375.0 
235.0 -28904.0 
229.0 -28549.0 
232.0 -28859.0 
266.0 -31783.0 
266.0 -31783.0 
268.0 -31896.0 
249.0 -29965.0 
246.0 -29687.0 
248.0 -29733.0 
257.0 -30874.0 
260.0 -31073.0 
265.0 -31347.0 
243.0 -29402.0 
256.0 -30822.0 
254.0 -30144.0 
255.0 -30481.0 
252.0 -30056.0 
239.0 -29005.0 
242.0 -29353.0 
241.0 -29290.0 
230.0 -28448.0 
233.0 -28672.0 
233.0 -28672.0 
238.0 -28695.0 
238.0 -28695.0 
238.0 -28695.0 
269.0 -31818.0 
269.0 -31818.0 
269.0 -31818.0 
269.0 -31818.0 
269.0 -31818.0 
268.0 -31801.0 
269.0 -31818.0 
269.0 -31818.0 
269.0 -31818.0 
269.0 -31818.0 
249.0 -29870.0 
248.0 -29440.0 
261.0 -30953.0 
263.0 -31053.0 
261.0 -30953.0 
265.0 -31211.0 
265.0 -31211.0 
267.0 -31265.0 
244.0 -29395.0 
258.0 -30745.0 
257.0 -30672.0 
254.0 -30114.0 
255.0 -30374.0 
252.0 -29884.0 
242.0 -29337.0 
234.0 -28651.0 
239.0 -28695.0 
269.0 -31413.0 
272.0 -31737.0 
270.0 -31707.0 
249.0 -29850.0 
234.0 -28450.0 
276.0 -31722.0 
265.0 -31096.0 
258.0 -30708.0 
270.0 -31317.0 
250.0 -29724.0 
245.0 -29351.0 
