260.0 -31621.0 
260.0 -31621.0 
260.0 -31621.0 
257.0 -31529.0 
241.0 -30374.0 
264.0 -32051.0 
255.0 -31228.0 
223.0 -28783.0 
238.0 -30345.0 
241.0 -30374.0 
248.0 -30977.0 
264.0 -32051.0 
246.0 -30483.0 
231.0 -29354.0 
250.0 -31119.0 
227.0 -29114.0 
241.0 -30374.0 
260.0 -31621.0 
264.0 -32051.0 
254.0 -31189.0 
267.0 -32060.0 
248.0 -30977.0 
236.0 -29781.0 
264.0 -32051.0 
258.0 -31299.0 
239.0 -29843.0 
239.0 -29843.0 
239.0 -29843.0 
240.0 -30196.0 
239.0 -29843.0 
238.0 -29812.0 
246.0 -30459.0 
232.0 -29307.0 
253.0 -31067.0 
252.0 -30994.0 
228.0 -29019.0 
227.0 -28502.0 
244.0 -30293.0 
243.0 -30204.0 
260.0 -31316.0 
257.0 -31169.0 
255.0 -31104.0 
256.0 -31109.0 
249.0 -30899.0 
249.0 -30899.0 
249.0 -30899.0 
249.0 -30899.0 
248.0 -30481.0 
236.0 -29649.0 
264.0 -31987.0 
241.0 -29886.0 
242.0 -30068.0 
239.0 -29829.0 
238.0 -29784.0 
246.0 -30398.0 
235.0 -29238.0 
235.0 -29238.0 
234.0 -29117.0 
229.0 -29016.0 
228.0 -28772.0 
228.0 -28772.0 
228.0 -28772.0 
244.0 -30221.0 
245.0 -30290.0 
243.0 -30189.0 
260.0 -31171.0 
260.0 -31171.0 
262.0 -31208.0 
257.0 -31044.0 
258.0 -31098.0 
256.0 -30949.0 
249.0 -30673.0 
253.0 -30808.0 
254.0 -30889.0 
236.0 -29600.0 
265.0 -31909.0 
265.0 -31909.0 
265.0 -31909.0 
265.0 -31909.0 
265.0 -31909.0 
265.0 -31909.0 
264.0 -31530.0 
265.0 -31909.0 
265.0 -31909.0 
265.0 -31909.0 
264.0 -31530.0 
228.0 -28573.0 
228.0 -28573.0 
267.0 -31906.0 
267.0 -31906.0 
261.0 -31073.0 
265.0 -31538.0 
244.0 -30210.0 
255.0 -30853.0 
236.0 -29486.0 
249.0 -30520.0 
233.0 -28940.0 
242.0 -29830.0 
252.0 -30640.0 
232.0 -28896.0 
