323.0 -30026.0 
322.0 -29803.0 
272.0 -29102.0 
306.0 -29734.0 
250.0 -27933.0 
287.0 -29504.0 
287.0 -29504.0 
272.0 -29102.0 
276.0 -29390.0 
262.0 -28415.0 
327.0 -29778.0 
327.0 -29778.0 
307.0 -29597.0 
314.0 -29660.0 
321.0 -29686.0 
252.0 -27618.0 
298.0 -29424.0 
273.0 -28788.0 
283.0 -28837.0 
286.0 -28946.0 
297.0 -29142.0 
263.0 -28272.0 
312.0 -29504.0 
335.0 -29537.0 
257.0 -27177.0 
255.0 -27133.0 
255.0 -27133.0 
256.0 -27146.0 
306.0 -29304.0 
311.0 -29389.0 
299.0 -29238.0 
279.0 -28560.0 
280.0 -28745.0 
294.0 -28842.0 
298.0 -28852.0 
269.0 -28162.0 
265.0 -27886.0 
264.0 -27878.0 
323.0 -29459.0 
328.0 -29491.0 
260.0 -26842.0 
316.0 -29262.0 
317.0 -29315.0 
301.0 -29111.0 
299.0 -28983.0 
299.0 -28983.0 
300.0 -28994.0 
280.0 -28597.0 
291.0 -28696.0 
273.0 -28030.0 
268.0 -27827.0 
266.0 -27307.0 
268.0 -27827.0 
323.0 -29389.0 
316.0 -29186.0 
319.0 -29200.0 
302.0 -29093.0 
281.0 -28540.0 
292.0 -28642.0 
277.0 -27926.0 
276.0 -27179.0 
269.0 -26682.0 
270.0 -26983.0 
334.0 -29331.0 
323.0 -29251.0 
333.0 -29328.0 
317.0 -29184.0 
305.0 -29075.0 
281.0 -28495.0 
293.0 -28615.0 
293.0 -28615.0 
280.0 -27804.0 
277.0 -27751.0 
274.0 -26908.0 
273.0 -26779.0 
270.0 -26416.0 
318.0 -29111.0 
322.0 -29118.0 
325.0 -29150.0 
310.0 -29001.0 
313.0 -29058.0 
306.0 -28750.0 
307.0 -28828.0 
281.0 -28470.0 
297.0 -28523.0 
297.0 -28523.0 
277.0 -27112.0 
280.0 -27307.0 
275.0 -26560.0 
274.0 -26154.0 
341.0 -29085.0 
274.0 -26104.0 
274.0 -26104.0 
323.0 -29023.0 
282.0 -27874.0 
281.0 -27198.0 
283.0 -28248.0 
290.0 -28408.0 
277.0 -26582.0 
297.0 -28428.0 
