259.0 -30372.0 
265.0 -30846.0 
261.0 -30394.0 
257.0 -29747.0 
265.0 -30846.0 
258.0 -29925.0 
301.0 -31314.0 
267.0 -31051.0 
238.0 -29309.0 
261.0 -30394.0 
234.0 -28450.0 
271.0 -31265.0 
243.0 -29652.0 
260.0 -30197.0 
258.0 -29749.0 
269.0 -30411.0 
238.0 -28695.0 
238.0 -28695.0 
239.0 -29005.0 
238.0 -28695.0 
241.0 -29290.0 
263.0 -30315.0 
236.0 -28281.0 
297.0 -31152.0 
274.0 -30929.0 
271.0 -30605.0 
271.0 -30605.0 
271.0 -30605.0 
276.0 -30940.0 
287.0 -31140.0 
297.0 -31152.0 
252.0 -29453.0 
245.0 -29351.0 
252.0 -29453.0 
262.0 -30072.0 
262.0 -30072.0 
260.0 -29633.0 
260.0 -29633.0 
258.0 -29547.0 
242.0 -28473.0 
244.0 -28825.0 
264.0 -30106.0 
266.0 -30150.0 
266.0 -30150.0 
266.0 -30150.0 
237.0 -28260.0 
273.0 -30536.0 
278.0 -30771.0 
277.0 -30575.0 
290.0 -31056.0 
290.0 -31056.0 
290.0 -31056.0 
301.0 -31061.0 
304.0 -31112.0 
251.0 -29218.0 
245.0 -29190.0 
254.0 -29390.0 
262.0 -29945.0 
262.0 -29945.0 
260.0 -29545.0 
243.0 -28402.0 
244.0 -28671.0 
266.0 -30105.0 
269.0 -30124.0 
269.0 -30124.0 
240.0 -28054.0 
240.0 -28054.0 
240.0 -28054.0 
242.0 -28239.0 
273.0 -30397.0 
274.0 -30532.0 
279.0 -30595.0 
279.0 -30595.0 
295.0 -30990.0 
293.0 -30843.0 
298.0 -31037.0 
253.0 -29200.0 
253.0 -29200.0 
245.0 -28958.0 
252.0 -29147.0 
245.0 -28958.0 
257.0 -29327.0 
258.0 -29366.0 
258.0 -29366.0 
242.0 -27853.0 
305.0 -30970.0 
293.0 -30695.0 
274.0 -30487.0 
262.0 -29931.0 
243.0 -28145.0 
261.0 -29352.0 
297.0 -30849.0 
273.0 -30287.0 
244.0 -28562.0 
301.0 -30919.0 
253.0 -28881.0 
270.0 -30091.0 
258.0 -29295.0 
247.0 -28829.0 
266.0 -29985.0 
