282.0 -26294.0 
284.0 -26479.0 
315.0 -28963.0 
297.0 -27773.0 
310.0 -27831.0 
279.0 -26152.0 
286.0 -26898.0 
326.0 -29083.0 
313.0 -28416.0 
288.0 -27573.0 
285.0 -26337.0 
285.0 -26337.0 
285.0 -26337.0 
319.0 -28894.0 
318.0 -28809.0 
279.0 -25865.0 
287.0 -26718.0 
316.0 -28249.0 
314.0 -27809.0 
289.0 -27043.0 
291.0 -27408.0 
312.0 -27550.0 
330.0 -28506.0 
342.0 -28706.0 
285.0 -25844.0 
287.0 -26474.0 
323.0 -28104.0 
320.0 -28038.0 
318.0 -27695.0 
308.0 -27253.0 
307.0 -27191.0 
308.0 -27253.0 
307.0 -27191.0 
309.0 -27408.0 
305.0 -26982.0 
307.0 -27191.0 
291.0 -26532.0 
302.0 -26928.0 
313.0 -27479.0 
331.0 -28120.0 
347.0 -28379.0 
290.0 -25745.0 
326.0 -28089.0 
326.0 -28089.0 
322.0 -27696.0 
323.0 -27752.0 
318.0 -27673.0 
309.0 -27315.0 
293.0 -26439.0 
291.0 -25890.0 
291.0 -25890.0 
291.0 -25890.0 
302.0 -26873.0 
314.0 -27363.0 
290.0 -25370.0 
331.0 -28088.0 
327.0 -28079.0 
326.0 -27689.0 
318.0 -27460.0 
323.0 -27471.0 
312.0 -27229.0 
309.0 -27189.0 
313.0 -27284.0 
298.0 -26398.0 
298.0 -26398.0 
301.0 -26400.0 
294.0 -26343.0 
295.0 -26370.0 
293.0 -26249.0 
291.0 -25693.0 
304.0 -26791.0 
307.0 -26823.0 
302.0 -26677.0 
314.0 -27334.0 
338.0 -28081.0 
332.0 -27938.0 
329.0 -27647.0 
324.0 -27378.0 
310.0 -27058.0 
312.0 -27078.0 
313.0 -27266.0 
295.0 -25819.0 
294.0 -25779.0 
300.0 -26223.0 
299.0 -26210.0 
296.0 -26124.0 
292.0 -25673.0 
305.0 -26768.0 
304.0 -26763.0 
303.0 -26368.0 
343.0 -28002.0 
296.0 -26041.0 
304.0 -26582.0 
326.0 -27284.0 
314.0 -27250.0 
333.0 -27534.0 
311.0 -26936.0 
305.0 -26767.0 
334.0 -27825.0 
340.0 -27928.0 
