245.0 -29531.0 
140.0 -22389.0 
245.0 -29531.0 
148.0 -23019.0 
257.0 -30335.0 
191.0 -27265.0 
172.0 -25540.0 
130.0 -21479.0 
178.0 -26510.0 
307.0 -30748.0 
161.0 -24845.0 
197.0 -27615.0 
251.0 -29753.0 
264.0 -30544.0 
257.0 -30335.0 
119.0 -18920.0 
163.0 -25220.0 
264.0 -30544.0 
212.0 -27956.0 
153.0 -24115.0 
105.0 -16909.0 
173.0 -25744.0 
97.0 -16279.0 
185.0 -26830.0 
122.0 -19964.0 
216.0 -28980.0 
128.0 -20398.0 
158.0 -24440.0 
110.0 -18500.0 
236.0 -29209.0 
247.0 -29731.0 
156.0 -24170.0 
313.0 -31127.0 
124.0 -20046.0 
201.0 -27648.0 
216.0 -28980.0 
264.0 -30544.0 
126.0 -20334.0 
199.0 -27645.0 
177.0 -26120.0 
294.0 -30613.0 
256.0 -30233.0 
