376.0 -24980.0 
335.0 -24629.0 
394.0 -24650.0 
344.0 -23284.0 
354.0 -23789.0 
345.0 -23560.0 
359.0 -24505.0 
348.0 -23502.0 
370.0 -24106.0 
402.0 -24260.0 
364.0 -23747.0 
352.0 -22891.0 
355.0 -23192.0 
349.0 -22551.0 
374.0 -23975.0 
393.0 -24074.0 
393.0 -24074.0 
409.0 -24132.0 
372.0 -23268.0 
368.0 -23165.0 
355.0 -22979.0 
380.0 -23878.0 
374.0 -23475.0 
395.0 -23910.0 
419.0 -23976.0 
372.0 -23220.0 
361.0 -22307.0 
363.0 -22956.0 
380.0 -23762.0 
414.0 -23891.0 
411.0 -23828.0 
375.0 -23037.0 
361.0 -22112.0 
366.0 -22694.0 
374.0 -22929.0 
372.0 -22881.0 
382.0 -23122.0 
384.0 -23709.0 
421.0 -23891.0 
415.0 -23772.0 
380.0 -23007.0 
364.0 -22081.0 
362.0 -21877.0 
369.0 -22638.0 
366.0 -22276.0 
368.0 -22534.0 
390.0 -23545.0 
385.0 -23533.0 
384.0 -23339.0 
400.0 -23631.0 
391.0 -23592.0 
382.0 -22870.0 
374.0 -22547.0 
380.0 -22631.0 
380.0 -22631.0 
377.0 -22628.0 
366.0 -22052.0 
372.0 -22378.0 
368.0 -22293.0 
388.0 -22922.0 
388.0 -22922.0 
390.0 -23124.0 
397.0 -23236.0 
424.0 -23534.0 
408.0 -23325.0 
412.0 -23498.0 
375.0 -22540.0 
383.0 -22612.0 
369.0 -21405.0 
371.0 -21984.0 
371.0 -21984.0 
369.0 -21405.0 
370.0 -21684.0 
388.0 -22779.0 
398.0 -22976.0 
406.0 -22983.0 
429.0 -23500.0 
409.0 -22994.0 
414.0 -23365.0 
376.0 -22417.0 
377.0 -22511.0 
375.0 -22090.0 
372.0 -21487.0 
374.0 -21616.0 
393.0 -22750.0 
388.0 -22733.0 
406.0 -22904.0 
430.0 -23454.0 
411.0 -22957.0 
414.0 -23024.0 
417.0 -23349.0 
416.0 -23161.0 
375.0 -21537.0 
432.0 -23339.0 
379.0 -22144.0 
402.0 -22668.0 
416.0 -23127.0 
382.0 -22406.0 
378.0 -21723.0 
409.0 -22831.0 
