341.0 -27560.0 
285.0 -26337.0 
298.0 -26398.0 
285.0 -26337.0 
337.0 -27550.0 
347.0 -27957.0 
298.0 -26398.0 
308.0 -27253.0 
302.0 -26677.0 
333.0 -27534.0 
307.0 -27191.0 
290.0 -25370.0 
291.0 -25890.0 
359.0 -27620.0 
362.0 -27626.0 
300.0 -26223.0 
303.0 -26368.0 
344.0 -27515.0 
337.0 -27377.0 
340.0 -27492.0 
339.0 -27459.0 
323.0 -27185.0 
309.0 -26661.0 
307.0 -26369.0 
316.0 -27148.0 
291.0 -25693.0 
295.0 -25819.0 
367.0 -27558.0 
348.0 -27479.0 
341.0 -27414.0 
329.0 -27172.0 
312.0 -26444.0 
308.0 -26270.0 
322.0 -26757.0 
323.0 -27023.0 
323.0 -27023.0 
324.0 -27053.0 
326.0 -27071.0 
319.0 -26679.0 
292.0 -25673.0 
301.0 -25725.0 
303.0 -25796.0 
303.0 -25796.0 
341.0 -27221.0 
348.0 -27404.0 
342.0 -27369.0 
329.0 -27098.0 
329.0 -27098.0 
337.0 -27155.0 
329.0 -27098.0 
315.0 -26314.0 
310.0 -26110.0 
310.0 -26110.0 
308.0 -26050.0 
312.0 -26111.0 
323.0 -26987.0 
319.0 -26660.0 
299.0 -25625.0 
301.0 -25652.0 
303.0 -25715.0 
303.0 -25715.0 
343.0 -27337.0 
358.0 -27339.0 
367.0 -27343.0 
333.0 -27032.0 
335.0 -27054.0 
316.0 -26134.0 
308.0 -25965.0 
314.0 -26020.0 
325.0 -26938.0 
324.0 -26807.0 
321.0 -26374.0 
320.0 -26351.0 
300.0 -25601.0 
302.0 -25618.0 
305.0 -25657.0 
356.0 -27335.0 
356.0 -27335.0 
356.0 -27335.0 
345.0 -27280.0 
316.0 -26044.0 
318.0 -26116.0 
312.0 -25938.0 
308.0 -25888.0 
329.0 -26936.0 
324.0 -26581.0 
325.0 -26727.0 
321.0 -26220.0 
323.0 -26225.0 
301.0 -25105.0 
355.0 -27260.0 
308.0 -25590.0 
313.0 -25850.0 
305.0 -25326.0 
324.0 -26331.0 
321.0 -26181.0 
346.0 -26961.0 
351.0 -27156.0 
330.0 -26669.0 
336.0 -26786.0 
