269.0 -28162.0 
323.0 -30026.0 
322.0 -29803.0 
272.0 -29102.0 
306.0 -29734.0 
250.0 -27933.0 
287.0 -29504.0 
287.0 -29504.0 
327.0 -29778.0 
327.0 -29778.0 
273.0 -28788.0 
283.0 -28837.0 
286.0 -28946.0 
307.0 -29597.0 
314.0 -29660.0 
321.0 -29686.0 
257.0 -27177.0 
255.0 -27133.0 
265.0 -27886.0 
255.0 -27133.0 
301.0 -29111.0 
299.0 -28983.0 
299.0 -28983.0 
306.0 -29304.0 
300.0 -28994.0 
280.0 -28597.0 
279.0 -28560.0 
277.0 -27926.0 
291.0 -28696.0 
294.0 -28842.0 
312.0 -29504.0 
311.0 -29389.0 
268.0 -27827.0 
266.0 -27307.0 
268.0 -27827.0 
260.0 -26842.0 
302.0 -29093.0 
281.0 -28540.0 
293.0 -28615.0 
316.0 -29262.0 
317.0 -29315.0 
323.0 -29389.0 
280.0 -27804.0 
274.0 -26908.0 
277.0 -27112.0 
273.0 -26779.0 
305.0 -29075.0 
281.0 -28495.0 
297.0 -28523.0 
297.0 -28523.0 
316.0 -29186.0 
319.0 -29200.0 
334.0 -29331.0 
280.0 -27307.0 
279.0 -26793.0 
275.0 -26560.0 
277.0 -26582.0 
278.0 -26596.0 
274.0 -26154.0 
310.0 -29001.0 
307.0 -28620.0 
313.0 -29058.0 
288.0 -28209.0 
290.0 -28408.0 
288.0 -28209.0 
283.0 -27905.0 
286.0 -27967.0 
282.0 -27874.0 
302.0 -28520.0 
317.0 -29184.0 
280.0 -26943.0 
281.0 -27198.0 
279.0 -26780.0 
274.0 -26104.0 
274.0 -26104.0 
311.0 -28621.0 
312.0 -28841.0 
315.0 -28964.0 
294.0 -28322.0 
287.0 -27930.0 
284.0 -27847.0 
282.0 -27773.0 
305.0 -28364.0 
310.0 -28511.0 
306.0 -28502.0 
318.0 -29111.0 
322.0 -29118.0 
317.0 -28972.0 
280.0 -26939.0 
281.0 -27022.0 
279.0 -26152.0 
313.0 -28799.0 
315.0 -28963.0 
341.0 -29085.0 
279.0 -25865.0 
279.0 -25865.0 
283.0 -27372.0 
281.0 -26775.0 
295.0 -28232.0 
280.0 -26452.0 
