185.0 -26473.0 
181.0 -26143.0 
201.0 -27988.0 
185.0 -26473.0 
187.0 -26493.0 
180.0 -25701.0 
167.0 -24745.0 
210.0 -28498.0 
159.0 -23833.0 
198.0 -27683.0 
167.0 -24745.0 
197.0 -27598.0 
146.0 -22431.0 
172.0 -25193.0 
146.0 -22431.0 
170.0 -24766.0 
206.0 -28213.0 
174.0 -25473.0 
150.0 -22500.0 
176.0 -25688.0 
165.0 -24406.0 
215.0 -28958.0 
174.0 -25473.0 
206.0 -28213.0 
204.0 -28103.0 
181.0 -26143.0 
206.0 -28213.0 
194.0 -27503.0 
189.0 -26868.0 
200.0 -27798.0 
146.0 -22431.0 
193.0 -27388.0 
151.0 -23513.0 
163.0 -24243.0 
210.0 -28498.0 
148.0 -22432.0 
218.0 -29363.0 
218.0 -29363.0 
194.0 -27503.0 
234.0 -29620.0 
197.0 -27598.0 
206.0 -28213.0 
