-29170.0 0.0 
-32730.0 26.0 
-29170.0 0.0 
-32730.0 26.0 
-32265.0 17.0 
-31630.0 9.0 
-32265.0 17.0 
-30910.0 8.0 
-30670.0 2.0 
-29950.0 1.0 
-29950.0 1.0 
-31630.0 9.0 
-30670.0 2.0 
-30910.0 8.0 
-32730.0 26.0 
-29170.0 0.0 
-32265.0 17.0 
-29950.0 1.0 
-31630.0 9.0 
-30670.0 2.0 
-30910.0 8.0 
-32730.0 26.0 
-29170.0 0.0 
-32265.0 17.0 
-29950.0 1.0 
-31630.0 9.0 
-30670.0 2.0 
-30910.0 8.0 
-32730.0 26.0 
-29170.0 0.0 
-32265.0 17.0 
-29950.0 1.0 
-31630.0 9.0 
-30670.0 2.0 
-30910.0 8.0 
-32730.0 26.0 
-29170.0 0.0 
-32265.0 17.0 
-29950.0 1.0 
-31630.0 9.0 
-30670.0 2.0 
-30910.0 8.0 
-32730.0 26.0 
-29170.0 0.0 
-32265.0 17.0 
-29950.0 1.0 
-31630.0 9.0 
-30670.0 2.0 
-30910.0 8.0 
-32730.0 26.0 
-29170.0 0.0 
-32265.0 17.0 
-29950.0 1.0 
-31630.0 9.0 
-30670.0 2.0 
-30910.0 8.0 
-32730.0 26.0 
-29170.0 0.0 
-32265.0 17.0 
-29950.0 1.0 
-31630.0 9.0 
-30670.0 2.0 
-30910.0 8.0 
-32730.0 26.0 
-29170.0 0.0 
-32265.0 17.0 
-29950.0 1.0 
-31630.0 9.0 
-30670.0 2.0 
-30910.0 8.0 
-29170.0 0.0 
-32730.0 26.0 
-32265.0 17.0 
-29950.0 1.0 
-31630.0 9.0 
-30670.0 2.0 
-30910.0 8.0 
-29170.0 0.0 
-32730.0 26.0 
-32265.0 17.0 
-29950.0 1.0 
-31630.0 9.0 
-30670.0 2.0 
-30910.0 8.0 
-29170.0 0.0 
-32730.0 26.0 
-32265.0 17.0 
-29950.0 1.0 
-31630.0 9.0 
-30670.0 2.0 
-30910.0 8.0 
-29170.0 0.0 
-32730.0 26.0 
-32265.0 17.0 
-29950.0 1.0 
-31630.0 9.0 
-30670.0 2.0 
-30910.0 8.0 
-32730.0 26.0 
-29170.0 0.0 
