-7730.0 22.0 
-3415.0 0.0 
-3415.0 0.0 
-7730.0 22.0 
-4450.0 1.0 
-5485.0 5.0 
-5940.0 9.0 
-6520.0 10.0 
-5485.0 5.0 
-7275.0 18.0 
-6975.0 14.0 
-4450.0 1.0 
-6975.0 14.0 
-7275.0 18.0 
-6520.0 10.0 
-5940.0 9.0 
-3415.0 0.0 
-7730.0 22.0 
-5485.0 5.0 
-4450.0 1.0 
-6975.0 14.0 
-7275.0 18.0 
-6520.0 10.0 
-5940.0 9.0 
-3415.0 0.0 
-7730.0 22.0 
-5485.0 5.0 
-4450.0 1.0 
-6975.0 14.0 
-7275.0 18.0 
-6520.0 10.0 
-5940.0 9.0 
-7730.0 22.0 
-3415.0 0.0 
-5485.0 5.0 
-4450.0 1.0 
-6975.0 14.0 
-7275.0 18.0 
-6520.0 10.0 
-5940.0 9.0 
-7730.0 22.0 
-3415.0 0.0 
-5485.0 5.0 
-4450.0 1.0 
-6975.0 14.0 
-7275.0 18.0 
-6520.0 10.0 
-5940.0 9.0 
-3415.0 0.0 
-7730.0 22.0 
-5485.0 5.0 
-4450.0 1.0 
-6975.0 14.0 
-7275.0 18.0 
-6520.0 10.0 
-5940.0 9.0 
-7730.0 22.0 
-3415.0 0.0 
-5485.0 5.0 
-4450.0 1.0 
-6975.0 14.0 
-7275.0 18.0 
-6520.0 10.0 
-5940.0 9.0 
-7730.0 22.0 
-3415.0 0.0 
-5485.0 5.0 
-4450.0 1.0 
-6975.0 14.0 
-7275.0 18.0 
-6520.0 10.0 
-5940.0 9.0 
-3415.0 0.0 
-7730.0 22.0 
-5485.0 5.0 
-4450.0 1.0 
-6975.0 14.0 
-7275.0 18.0 
-6520.0 10.0 
-5940.0 9.0 
-7730.0 22.0 
-3415.0 0.0 
-5485.0 5.0 
-4450.0 1.0 
-6975.0 14.0 
-7275.0 18.0 
-6520.0 10.0 
-5940.0 9.0 
-3415.0 0.0 
-7730.0 22.0 
-5485.0 5.0 
-4450.0 1.0 
-6975.0 14.0 
-7275.0 18.0 
-6520.0 10.0 
-5940.0 9.0 
-7730.0 22.0 
-3415.0 0.0 
-5485.0 5.0 
-4450.0 1.0 
