57.0 -14115.0 
121.0 -21865.0 
42.0 -11985.0 
114.0 -21125.0 
61.0 -14735.0 
130.0 -22665.0 
69.0 -15770.0 
88.0 -18230.0 
121.0 -21865.0 
124.0 -22025.0 
49.0 -13020.0 
47.0 -12665.0 
45.0 -12400.0 
127.0 -22300.0 
119.0 -21545.0 
116.0 -21280.0 
76.0 -16740.0 
159.0 -25230.0 
156.0 -24975.0 
130.0 -22665.0 
87.0 -18035.0 
84.0 -17775.0 
153.0 -24750.0 
162.0 -25495.0 
79.0 -17045.0 
148.0 -24295.0 
145.0 -24020.0 
99.0 -19480.0 
93.0 -18815.0 
42.0 -11985.0 
169.0 -26105.0 
151.0 -24500.0 
96.0 -19140.0 
142.0 -23755.0 
54.0 -13700.0 
102.0 -19805.0 
137.0 -23340.0 
74.0 -16415.0 
134.0 -23010.0 
57.0 -14115.0 
175.0 -26585.0 
105.0 -20085.0 
107.0 -20345.0 
60.0 -14520.0 
110.0 -20670.0 
67.0 -15555.0 
113.0 -21000.0 
65.0 -15190.0 
69.0 -15770.0 
82.0 -17450.0 
166.0 -25840.0 
117.0 -21410.0 
146.0 -24140.0 
78.0 -16995.0 
108.0 -20460.0 
42.0 -11985.0 
153.0 -24750.0 
174.0 -26520.0 
93.0 -18815.0 
146.0 -24140.0 
84.0 -17775.0 
76.0 -16740.0 
114.0 -21125.0 
84.0 -17775.0 
157.0 -25095.0 
121.0 -21865.0 
110.0 -20670.0 
49.0 -13020.0 
161.0 -25430.0 
129.0 -22610.0 
121.0 -21865.0 
165.0 -25775.0 
61.0 -14735.0 
141.0 -23685.0 
114.0 -21125.0 
121.0 -21865.0 
58.0 -14290.0 
93.0 -18815.0 
88.0 -18230.0 
64.0 -15140.0 
96.0 -19140.0 
157.0 -25095.0 
137.0 -23340.0 
89.0 -18360.0 
99.0 -19480.0 
102.0 -19805.0 
52.0 -13425.0 
125.0 -22210.0 
55.0 -13885.0 
150.0 -24485.0 
70.0 -15960.0 
165.0 -25775.0 
144.0 -23950.0 
70.0 -15960.0 
61.0 -14735.0 
100.0 -19595.0 
81.0 -17370.0 
169.0 -26105.0 
45.0 -12400.0 
137.0 -23340.0 
78.0 -16995.0 
106.0 -20260.0 
129.0 -22610.0 
133.0 -22955.0 
67.0 -15555.0 
42.0 -11985.0 
73.0 -16335.0 
49.0 -13020.0 
88.0 -18230.0 
121.0 -21865.0 
55.0 -13885.0 
162.0 -25495.0 
170.0 -26175.0 
76.0 -16740.0 
174.0 -26520.0 
108.0 -20460.0 
113.0 -21000.0 
142.0 -23755.0 
82.0 -17450.0 
101.0 -19680.0 
93.0 -18815.0 
116.0 -21280.0 
138.0 -23410.0 
60.0 -14520.0 
104.0 -20005.0 
84.0 -17775.0 
43.0 -12045.0 
158.0 -25165.0 
67.0 -15555.0 
69.0 -15770.0 
44.0 -12230.0 
46.0 -12480.0 
89.0 -18360.0 
149.0 -24365.0 
87.0 -18035.0 
166.0 -25840.0 
101.0 -19680.0 
121.0 -21865.0 
89.0 -18360.0 
125.0 -22210.0 
69.0 -15770.0 
48.0 -12850.0 
87.0 -18035.0 
114.0 -21125.0 
117.0 -21410.0 
98.0 -19305.0 
145.0 -24020.0 
76.0 -16740.0 
84.0 -17775.0 
100.0 -19595.0 
87.0 -18035.0 
103.0 -19890.0 
153.0 -24750.0 
79.0 -17045.0 
92.0 -18640.0 
89.0 -18360.0 
162.0 -25495.0 
159.0 -25230.0 
156.0 -24975.0 
137.0 -23340.0 
95.0 -19025.0 
140.0 -23565.0 
112.0 -20825.0 
148.0 -24295.0 
114.0 -21125.0 
109.0 -20545.0 
63.0 -14935.0 
65.0 -15190.0 
67.0 -15555.0 
70.0 -15960.0 
50.0 -13080.0 
151.0 -24500.0 
106.0 -20260.0 
132.0 -22820.0 
129.0 -22610.0 
143.0 -23775.0 
124.0 -22025.0 
175.0 -26585.0 
135.0 -23045.0 
60.0 -14520.0 
53.0 -13485.0 
121.0 -21865.0 
169.0 -26105.0 
45.0 -12400.0 
43.0 -12045.0 
82.0 -17450.0 
166.0 -25840.0 
169.0 -26105.0 
106.0 -20260.0 
70.0 -15960.0 
137.0 -23340.0 
78.0 -16995.0 
129.0 -22610.0 
125.0 -22210.0 
157.0 -25095.0 
93.0 -18815.0 
55.0 -13885.0 
99.0 -19480.0 
106.0 -20260.0 
88.0 -18230.0 
49.0 -13020.0 
113.0 -21000.0 
93.0 -18815.0 
84.0 -17775.0 
171.0 -26240.0 
73.0 -16335.0 
165.0 -25775.0 
61.0 -14735.0 
102.0 -19805.0 
96.0 -19140.0 
42.0 -11985.0 
153.0 -24750.0 
55.0 -13885.0 
89.0 -18360.0 
81.0 -17370.0 
150.0 -24485.0 
157.0 -25095.0 
100.0 -19595.0 
110.0 -20670.0 
129.0 -22610.0 
121.0 -21865.0 
137.0 -23340.0 
61.0 -14735.0 
153.0 -24750.0 
114.0 -21125.0 
125.0 -22210.0 
121.0 -21865.0 
146.0 -24140.0 
45.0 -12400.0 
42.0 -11985.0 
64.0 -15140.0 
67.0 -15555.0 
144.0 -23950.0 
76.0 -16740.0 
84.0 -17775.0 
49.0 -13020.0 
52.0 -13425.0 
141.0 -23685.0 
133.0 -22955.0 
165.0 -25775.0 
70.0 -15960.0 
161.0 -25430.0 
58.0 -14290.0 
174.0 -26520.0 
117.0 -21410.0 
75.0 -16590.0 
97.0 -19225.0 
114.0 -21125.0 
117.0 -21410.0 
72.0 -16175.0 
82.0 -17450.0 
92.0 -18640.0 
145.0 -24020.0 
88.0 -18230.0 
163.0 -25565.0 
64.0 -15140.0 
154.0 -24820.0 
104.0 -20005.0 
167.0 -25910.0 
47.0 -12665.0 
66.0 -15340.0 
50.0 -13080.0 
69.0 -15770.0 
67.0 -15555.0 
61.0 -14735.0 
63.0 -14935.0 
112.0 -20825.0 
78.0 -16995.0 
57.0 -14115.0 
106.0 -20260.0 
60.0 -14520.0 
101.0 -19680.0 
56.0 -13900.0 
53.0 -13485.0 
54.0 -13700.0 
42.0 -11985.0 
93.0 -18815.0 
72.0 -16175.0 
121.0 -21865.0 
54.0 -13700.0 
113.0 -21000.0 
127.0 -22300.0 
83.0 -17580.0 
109.0 -20545.0 
50.0 -13080.0 
50.0 -13080.0 
88.0 -18230.0 
60.0 -14520.0 
60.0 -14520.0 
77.0 -16760.0 
87.0 -18035.0 
156.0 -24975.0 
165.0 -25775.0 
125.0 -22210.0 
89.0 -18360.0 
84.0 -17775.0 
148.0 -24295.0 
159.0 -25230.0 
145.0 -24020.0 
128.0 -22475.0 
153.0 -24750.0 
92.0 -18640.0 
100.0 -19595.0 
168.0 -25975.0 
151.0 -24500.0 
103.0 -19890.0 
76.0 -16740.0 
142.0 -23755.0 
79.0 -17045.0 
162.0 -25495.0 
121.0 -21865.0 
116.0 -21280.0 
45.0 -12400.0 
140.0 -23565.0 
61.0 -14735.0 
95.0 -19025.0 
98.0 -19305.0 
56.0 -13900.0 
134.0 -23010.0 
82.0 -17450.0 
74.0 -16415.0 
106.0 -20260.0 
65.0 -15190.0 
67.0 -15555.0 
69.0 -15770.0 
63.0 -14935.0 
109.0 -20545.0 
42.0 -11985.0 
49.0 -13020.0 
89.0 -18360.0 
67.0 -15555.0 
55.0 -13885.0 
73.0 -16335.0 
78.0 -16995.0 
114.0 -21125.0 
174.0 -26520.0 
81.0 -17370.0 
137.0 -23340.0 
161.0 -25430.0 
102.0 -19805.0 
157.0 -25095.0 
150.0 -24485.0 
96.0 -19140.0 
144.0 -23950.0 
52.0 -13425.0 
165.0 -25775.0 
99.0 -19480.0 
146.0 -24140.0 
174.0 -26520.0 
78.0 -16995.0 
61.0 -14735.0 
88.0 -18230.0 
64.0 -15140.0 
129.0 -22610.0 
76.0 -16740.0 
165.0 -25775.0 
93.0 -18815.0 
93.0 -18815.0 
137.0 -23340.0 
125.0 -22210.0 
125.0 -22210.0 
108.0 -20460.0 
49.0 -13020.0 
133.0 -22955.0 
121.0 -21865.0 
84.0 -17775.0 
100.0 -19595.0 
153.0 -24750.0 
110.0 -20670.0 
70.0 -15960.0 
67.0 -15555.0 
42.0 -11985.0 
114.0 -21125.0 
117.0 -21410.0 
150.0 -24485.0 
157.0 -25095.0 
169.0 -26105.0 
106.0 -20260.0 
42.0 -11985.0 
129.0 -22610.0 
84.0 -17775.0 
58.0 -14290.0 
45.0 -12400.0 
61.0 -14735.0 
121.0 -21865.0 
141.0 -23685.0 
75.0 -16590.0 
78.0 -16995.0 
49.0 -13020.0 
87.0 -18035.0 
53.0 -13485.0 
72.0 -16175.0 
140.0 -23565.0 
43.0 -12045.0 
165.0 -25775.0 
162.0 -25495.0 
47.0 -12665.0 
82.0 -17450.0 
44.0 -12230.0 
67.0 -15555.0 
69.0 -15770.0 
149.0 -24365.0 
57.0 -14115.0 
66.0 -15340.0 
156.0 -24975.0 
63.0 -14935.0 
64.0 -15140.0 
88.0 -18230.0 
90.0 -18440.0 
61.0 -14735.0 
92.0 -18640.0 
60.0 -14520.0 
116.0 -21280.0 
45.0 -12400.0 
100.0 -19595.0 
171.0 -26240.0 
121.0 -21865.0 
42.0 -11985.0 
78.0 -16995.0 
86.0 -17955.0 
153.0 -24750.0 
85.0 -17825.0 
113.0 -21000.0 
113.0 -21000.0 
161.0 -25430.0 
81.0 -17370.0 
81.0 -17370.0 
118.0 -21470.0 
125.0 -22210.0 
93.0 -18815.0 
174.0 -26520.0 
106.0 -20260.0 
96.0 -19140.0 
99.0 -19480.0 
115.0 -21200.0 
134.0 -23010.0 
121.0 -21865.0 
44.0 -12230.0 
65.0 -15190.0 
171.0 -26240.0 
165.0 -25775.0 
168.0 -25975.0 
50.0 -13080.0 
53.0 -13485.0 
58.0 -14290.0 
67.0 -15555.0 
78.0 -16995.0 
56.0 -13900.0 
112.0 -20825.0 
156.0 -24975.0 
109.0 -20545.0 
159.0 -25230.0 
88.0 -18230.0 
132.0 -22820.0 
63.0 -14935.0 
91.0 -18555.0 
162.0 -25495.0 
101.0 -19680.0 
144.0 -23950.0 
149.0 -24365.0 
75.0 -16590.0 
46.0 -12480.0 
153.0 -24750.0 
78.0 -16995.0 
106.0 -20260.0 
117.0 -21410.0 
108.0 -20460.0 
121.0 -21865.0 
161.0 -25430.0 
146.0 -24140.0 
174.0 -26520.0 
121.0 -21865.0 
169.0 -26105.0 
88.0 -18230.0 
93.0 -18815.0 
174.0 -26520.0 
102.0 -19805.0 
165.0 -25775.0 
42.0 -11985.0 
42.0 -11985.0 
144.0 -23950.0 
114.0 -21125.0 
64.0 -15140.0 
76.0 -16740.0 
100.0 -19595.0 
137.0 -23340.0 
93.0 -18815.0 
70.0 -15960.0 
45.0 -12400.0 
67.0 -15555.0 
110.0 -20670.0 
49.0 -13020.0 
146.0 -24140.0 
114.0 -21125.0 
84.0 -17775.0 
73.0 -16335.0 
153.0 -24750.0 
121.0 -21865.0 
84.0 -17775.0 
96.0 -19140.0 
169.0 -26105.0 
161.0 -25430.0 
150.0 -24485.0 
89.0 -18360.0 
137.0 -23340.0 
70.0 -15960.0 
78.0 -16995.0 
81.0 -17370.0 
49.0 -13020.0 
58.0 -14290.0 
61.0 -14735.0 
125.0 -22210.0 
133.0 -22955.0 
55.0 -13885.0 
141.0 -23685.0 
52.0 -13425.0 
61.0 -14735.0 
99.0 -19480.0 
157.0 -25095.0 
129.0 -22610.0 
129.0 -22610.0 
79.0 -17045.0 
108.0 -20460.0 
69.0 -15770.0 
58.0 -14290.0 
67.0 -15555.0 
64.0 -15140.0 
42.0 -11985.0 
57.0 -14115.0 
70.0 -15960.0 
114.0 -21125.0 
66.0 -15340.0 
76.0 -16740.0 
60.0 -14520.0 
61.0 -14735.0 
63.0 -14935.0 
49.0 -13020.0 
117.0 -21410.0 
83.0 -17580.0 
47.0 -12665.0 
171.0 -26240.0 
158.0 -25165.0 
101.0 -19680.0 
92.0 -18640.0 
121.0 -21865.0 
128.0 -22475.0 
47.0 -12665.0 
73.0 -16335.0 
61.0 -14735.0 
150.0 -24485.0 
69.0 -15770.0 
49.0 -13020.0 
85.0 -17825.0 
145.0 -24020.0 
49.0 -13020.0 
84.0 -17775.0 
89.0 -18360.0 
128.0 -22475.0 
95.0 -19025.0 
171.0 -26240.0 
92.0 -18640.0 
87.0 -18035.0 
161.0 -25430.0 
98.0 -19305.0 
125.0 -22210.0 
158.0 -25165.0 
100.0 -19595.0 
114.0 -21125.0 
120.0 -21625.0 
112.0 -20825.0 
167.0 -25910.0 
103.0 -19890.0 
79.0 -17045.0 
117.0 -21410.0 
106.0 -20260.0 
50.0 -13080.0 
76.0 -16740.0 
137.0 -23340.0 
82.0 -17450.0 
134.0 -23010.0 
60.0 -14520.0 
109.0 -20545.0 
74.0 -16415.0 
149.0 -24365.0 
146.0 -24140.0 
66.0 -15340.0 
63.0 -14935.0 
152.0 -24630.0 
144.0 -23950.0 
141.0 -23685.0 
53.0 -13485.0 
131.0 -22675.0 
44.0 -12230.0 
42.0 -11985.0 
55.0 -13885.0 
102.0 -19805.0 
133.0 -22955.0 
76.0 -16740.0 
165.0 -25775.0 
55.0 -13885.0 
129.0 -22610.0 
49.0 -13020.0 
58.0 -14290.0 
70.0 -15960.0 
110.0 -20670.0 
93.0 -18815.0 
93.0 -18815.0 
137.0 -23340.0 
141.0 -23685.0 
169.0 -26105.0 
114.0 -21125.0 
42.0 -11985.0 
88.0 -18230.0 
174.0 -26520.0 
117.0 -21410.0 
150.0 -24485.0 
108.0 -20460.0 
157.0 -25095.0 
146.0 -24140.0 
141.0 -23685.0 
157.0 -25095.0 
114.0 -21125.0 
153.0 -24750.0 
96.0 -19140.0 
121.0 -21865.0 
84.0 -17775.0 
45.0 -12400.0 
100.0 -19595.0 
67.0 -15555.0 
121.0 -21865.0 
70.0 -15960.0 
146.0 -24140.0 
99.0 -19480.0 
61.0 -14735.0 
165.0 -25775.0 
161.0 -25430.0 
169.0 -26105.0 
52.0 -13425.0 
61.0 -14735.0 
42.0 -11985.0 
78.0 -16995.0 
84.0 -17775.0 
89.0 -18360.0 
125.0 -22210.0 
129.0 -22610.0 
81.0 -17370.0 
106.0 -20260.0 
49.0 -13020.0 
137.0 -23340.0 
73.0 -16335.0 
64.0 -15140.0 
93.0 -18815.0 
69.0 -15770.0 
50.0 -13080.0 
64.0 -15140.0 
60.0 -14520.0 
158.0 -25165.0 
85.0 -17825.0 
66.0 -15340.0 
167.0 -25910.0 
141.0 -23685.0 
78.0 -16995.0 
81.0 -17370.0 
72.0 -16175.0 
42.0 -11985.0 
70.0 -15960.0 
99.0 -19480.0 
89.0 -18360.0 
171.0 -26240.0 
83.0 -17580.0 
53.0 -13485.0 
121.0 -21865.0 
129.0 -22610.0 
57.0 -14115.0 
54.0 -13700.0 
56.0 -13900.0 
63.0 -14935.0 
61.0 -14735.0 
162.0 -25495.0 
94.0 -18895.0 
42.0 -11985.0 
72.0 -16175.0 
152.0 -24630.0 
68.0 -15595.0 
136.0 -23220.0 
84.0 -17775.0 
82.0 -17450.0 
115.0 -21200.0 
101.0 -19680.0 
120.0 -21625.0 
135.0 -23045.0 
120.0 -21625.0 
153.0 -24750.0 
165.0 -25775.0 
162.0 -25495.0 
97.0 -19225.0 
156.0 -24975.0 
159.0 -25230.0 
100.0 -19595.0 
132.0 -22820.0 
103.0 -19890.0 
44.0 -12230.0 
75.0 -16590.0 
150.0 -24485.0 
47.0 -12665.0 
147.0 -24155.0 
65.0 -15190.0 
106.0 -20260.0 
114.0 -21125.0 
60.0 -14520.0 
144.0 -23950.0 
129.0 -22610.0 
55.0 -13885.0 
84.0 -17775.0 
125.0 -22210.0 
174.0 -26520.0 
171.0 -26240.0 
87.0 -18035.0 
67.0 -15555.0 
89.0 -18360.0 
49.0 -13020.0 
117.0 -21410.0 
53.0 -13485.0 
51.0 -13265.0 
141.0 -23685.0 
79.0 -17045.0 
67.0 -15555.0 
174.0 -26520.0 
58.0 -14290.0 
157.0 -25095.0 
76.0 -16740.0 
78.0 -16995.0 
150.0 -24485.0 
114.0 -21125.0 
137.0 -23340.0 
78.0 -16995.0 
55.0 -13885.0 
110.0 -20670.0 
121.0 -21865.0 
64.0 -15140.0 
49.0 -13020.0 
133.0 -22955.0 
45.0 -12400.0 
64.0 -15140.0 
125.0 -22210.0 
169.0 -26105.0 
100.0 -19595.0 
61.0 -14735.0 
157.0 -25095.0 
114.0 -21125.0 
84.0 -17775.0 
102.0 -19805.0 
49.0 -13020.0 
121.0 -21865.0 
70.0 -15960.0 
146.0 -24140.0 
165.0 -25775.0 
165.0 -25775.0 
141.0 -23685.0 
137.0 -23340.0 
117.0 -21410.0 
99.0 -19480.0 
84.0 -17775.0 
150.0 -24485.0 
129.0 -22610.0 
125.0 -22210.0 
88.0 -18230.0 
106.0 -20260.0 
73.0 -16335.0 
129.0 -22610.0 
42.0 -11985.0 
89.0 -18360.0 
93.0 -18815.0 
96.0 -19140.0 
144.0 -23950.0 
108.0 -20460.0 
93.0 -18815.0 
174.0 -26520.0 
58.0 -14290.0 
153.0 -24750.0 
81.0 -17370.0 
42.0 -11985.0 
161.0 -25430.0 
52.0 -13425.0 
67.0 -15555.0 
169.0 -26105.0 
74.0 -16415.0 
79.0 -17045.0 
77.0 -16760.0 
125.0 -22210.0 
56.0 -13900.0 
81.0 -17370.0 
174.0 -26520.0 
57.0 -14115.0 
42.0 -11985.0 
92.0 -18640.0 
50.0 -13080.0 
67.0 -15555.0 
72.0 -16175.0 
69.0 -15770.0 
170.0 -26175.0 
52.0 -13425.0 
120.0 -21625.0 
54.0 -13700.0 
83.0 -17580.0 
89.0 -18360.0 
60.0 -14520.0 
61.0 -14735.0 
69.0 -15770.0 
84.0 -17775.0 
98.0 -19305.0 
49.0 -13020.0 
88.0 -18230.0 
121.0 -21865.0 
54.0 -13700.0 
102.0 -19805.0 
78.0 -16995.0 
148.0 -24295.0 
166.0 -25840.0 
92.0 -18640.0 
94.0 -18895.0 
72.0 -16175.0 
125.0 -22210.0 
114.0 -21125.0 
61.0 -14735.0 
133.0 -22955.0 
106.0 -20260.0 
133.0 -22955.0 
137.0 -23340.0 
116.0 -21280.0 
137.0 -23340.0 
89.0 -18360.0 
119.0 -21545.0 
121.0 -21865.0 
113.0 -21000.0 
84.0 -17775.0 
116.0 -21280.0 
173.0 -26405.0 
87.0 -18035.0 
132.0 -22820.0 
129.0 -22610.0 
167.0 -25910.0 
164.0 -25630.0 
135.0 -23045.0 
151.0 -24500.0 
92.0 -18640.0 
97.0 -19225.0 
127.0 -22300.0 
110.0 -20670.0 
105.0 -20085.0 
124.0 -22025.0 
42.0 -11985.0 
138.0 -23410.0 
45.0 -12400.0 
170.0 -26175.0 
148.0 -24295.0 
161.0 -25430.0 
154.0 -24820.0 
51.0 -13265.0 
82.0 -17450.0 
145.0 -24020.0 
107.0 -20345.0 
68.0 -15595.0 
70.0 -15960.0 
63.0 -14935.0 
157.0 -25095.0 
61.0 -14735.0 
75.0 -16590.0 
79.0 -17045.0 
153.0 -24750.0 
100.0 -19595.0 
58.0 -14290.0 
52.0 -13425.0 
129.0 -22610.0 
93.0 -18815.0 
64.0 -15140.0 
169.0 -26105.0 
110.0 -20670.0 
78.0 -16995.0 
49.0 -13020.0 
99.0 -19480.0 
121.0 -21865.0 
121.0 -21865.0 
84.0 -17775.0 
141.0 -23685.0 
73.0 -16335.0 
48.0 -12850.0 
174.0 -26520.0 
125.0 -22210.0 
61.0 -14735.0 
146.0 -24140.0 
88.0 -18230.0 
153.0 -24750.0 
106.0 -20260.0 
137.0 -23340.0 
114.0 -21125.0 
42.0 -11985.0 
42.0 -11985.0 
93.0 -18815.0 
121.0 -21865.0 
81.0 -17370.0 
114.0 -21125.0 
70.0 -15960.0 
76.0 -16740.0 
165.0 -25775.0 
108.0 -20460.0 
96.0 -19140.0 
161.0 -25430.0 
70.0 -15960.0 
45.0 -12400.0 
55.0 -13885.0 
102.0 -19805.0 
78.0 -16995.0 
129.0 -22610.0 
137.0 -23340.0 
84.0 -17775.0 
52.0 -13425.0 
117.0 -21410.0 
89.0 -18360.0 
150.0 -24485.0 
174.0 -26520.0 
144.0 -23950.0 
157.0 -25095.0 
133.0 -22955.0 
58.0 -14290.0 
165.0 -25775.0 
67.0 -15555.0 
108.0 -20460.0 
73.0 -16335.0 
56.0 -13900.0 
157.0 -25095.0 
57.0 -14115.0 
145.0 -24020.0 
125.0 -22210.0 
69.0 -15770.0 
128.0 -22475.0 
67.0 -15555.0 
79.0 -17045.0 
75.0 -16590.0 
149.0 -24365.0 
81.0 -17370.0 
173.0 -26405.0 
121.0 -21865.0 
53.0 -13485.0 
54.0 -13700.0 
169.0 -26105.0 
50.0 -13080.0 
161.0 -25430.0 
43.0 -12045.0 
165.0 -25775.0 
61.0 -14735.0 
47.0 -12665.0 
60.0 -14520.0 
45.0 -12400.0 
85.0 -17825.0 
109.0 -20545.0 
72.0 -16175.0 
146.0 -24140.0 
114.0 -21125.0 
117.0 -21410.0 
121.0 -21865.0 
82.0 -17450.0 
82.0 -17450.0 
130.0 -22665.0 
93.0 -18815.0 
42.0 -11985.0 
96.0 -19140.0 
89.0 -18360.0 
96.0 -19140.0 
91.0 -18555.0 
87.0 -18035.0 
87.0 -18035.0 
144.0 -23950.0 
169.0 -26105.0 
113.0 -21000.0 
172.0 -26310.0 
119.0 -21545.0 
133.0 -22955.0 
159.0 -25230.0 
85.0 -17825.0 
175.0 -26585.0 
125.0 -22210.0 
136.0 -23220.0 
138.0 -23410.0 
122.0 -21870.0 
116.0 -21280.0 
147.0 -24155.0 
162.0 -25495.0 
79.0 -17045.0 
150.0 -24485.0 
141.0 -23685.0 
153.0 -24750.0 
82.0 -17450.0 
107.0 -20345.0 
110.0 -20670.0 
88.0 -18230.0 
156.0 -24975.0 
50.0 -13080.0 
93.0 -18815.0 
76.0 -16740.0 
130.0 -22665.0 
42.0 -11985.0 
99.0 -19480.0 
96.0 -19140.0 
91.0 -18555.0 
105.0 -20085.0 
60.0 -14520.0 
165.0 -25775.0 
102.0 -19805.0 
63.0 -14935.0 
53.0 -13485.0 
45.0 -12400.0 
68.0 -15595.0 
71.0 -16010.0 
81.0 -17370.0 
64.0 -15140.0 
114.0 -21125.0 
121.0 -21865.0 
61.0 -14735.0 
102.0 -19805.0 
165.0 -25775.0 
100.0 -19595.0 
150.0 -24485.0 
45.0 -12400.0 
88.0 -18230.0 
169.0 -26105.0 
99.0 -19480.0 
93.0 -18815.0 
110.0 -20670.0 
133.0 -22955.0 
52.0 -13425.0 
70.0 -15960.0 
70.0 -15960.0 
157.0 -25095.0 
129.0 -22610.0 
125.0 -22210.0 
117.0 -21410.0 
81.0 -17370.0 
84.0 -17775.0 
174.0 -26520.0 
67.0 -15555.0 
84.0 -17775.0 
93.0 -18815.0 
114.0 -21125.0 
153.0 -24750.0 
106.0 -20260.0 
42.0 -11985.0 
121.0 -21865.0 
170.0 -26175.0 
157.0 -25095.0 
58.0 -14290.0 
55.0 -13885.0 
76.0 -16740.0 
165.0 -25775.0 
141.0 -23685.0 
137.0 -23340.0 
137.0 -23340.0 
42.0 -11985.0 
49.0 -13020.0 
129.0 -22610.0 
161.0 -25430.0 
89.0 -18360.0 
144.0 -23950.0 
150.0 -24485.0 
64.0 -15140.0 
146.0 -24140.0 
96.0 -19140.0 
108.0 -20460.0 
78.0 -16995.0 
73.0 -16335.0 
49.0 -13020.0 
121.0 -21865.0 
79.0 -17045.0 
72.0 -16175.0 
75.0 -16590.0 
162.0 -25495.0 
114.0 -21125.0 
160.0 -25305.0 
105.0 -20085.0 
99.0 -19480.0 
66.0 -15340.0 
67.0 -15555.0 
64.0 -15140.0 
60.0 -14520.0 
61.0 -14735.0 
69.0 -15770.0 
63.0 -14935.0 
43.0 -12045.0 
57.0 -14115.0 
56.0 -13900.0 
54.0 -13700.0 
53.0 -13485.0 
42.0 -11985.0 
93.0 -18815.0 
54.0 -13700.0 
78.0 -16995.0 
121.0 -21865.0 
101.0 -19680.0 
112.0 -20825.0 
173.0 -26405.0 
144.0 -23950.0 
161.0 -25430.0 
105.0 -20085.0 
116.0 -21280.0 
129.0 -22610.0 
165.0 -25775.0 
156.0 -24975.0 
136.0 -23220.0 
72.0 -16175.0 
158.0 -25165.0 
82.0 -17450.0 
50.0 -13080.0 
70.0 -15960.0 
82.0 -17450.0 
165.0 -25775.0 
79.0 -17045.0 
156.0 -24975.0 
162.0 -25495.0 
159.0 -25230.0 
171.0 -26240.0 
174.0 -26520.0 
144.0 -23950.0 
74.0 -16415.0 
168.0 -25975.0 
76.0 -16740.0 
82.0 -17450.0 
138.0 -23410.0 
93.0 -18815.0 
153.0 -24750.0 
106.0 -20260.0 
141.0 -23685.0 
42.0 -11985.0 
45.0 -12400.0 
133.0 -22955.0 
88.0 -18230.0 
85.0 -17825.0 
136.0 -23220.0 
130.0 -22665.0 
150.0 -24485.0 
91.0 -18555.0 
124.0 -22025.0 
147.0 -24155.0 
109.0 -20545.0 
112.0 -20825.0 
127.0 -22300.0 
67.0 -15555.0 
51.0 -13265.0 
54.0 -13700.0 
96.0 -19140.0 
57.0 -14115.0 
60.0 -14520.0 
104.0 -20005.0 
72.0 -16175.0 
121.0 -21865.0 
118.0 -21470.0 
69.0 -15770.0 
61.0 -14735.0 
146.0 -24140.0 
121.0 -21865.0 
67.0 -15555.0 
64.0 -15140.0 
96.0 -19140.0 
174.0 -26520.0 
106.0 -20260.0 
157.0 -25095.0 
169.0 -26105.0 
78.0 -16995.0 
150.0 -24485.0 
58.0 -14290.0 
55.0 -13885.0 
171.0 -26240.0 
165.0 -25775.0 
70.0 -15960.0 
146.0 -24140.0 
102.0 -19805.0 
110.0 -20670.0 
70.0 -15960.0 
150.0 -24485.0 
141.0 -23685.0 
137.0 -23340.0 
42.0 -11985.0 
93.0 -18815.0 
93.0 -18815.0 
89.0 -18360.0 
121.0 -21865.0 
84.0 -17775.0 
76.0 -16740.0 
81.0 -17370.0 
61.0 -14735.0 
88.0 -18230.0 
121.0 -21865.0 
108.0 -20460.0 
84.0 -17775.0 
153.0 -24750.0 
165.0 -25775.0 
125.0 -22210.0 
42.0 -11985.0 
49.0 -13020.0 
157.0 -25095.0 
100.0 -19595.0 
45.0 -12400.0 
114.0 -21125.0 
133.0 -22955.0 
129.0 -22610.0 
99.0 -19480.0 
129.0 -22610.0 
49.0 -13020.0 
117.0 -21410.0 
73.0 -16335.0 
161.0 -25430.0 
137.0 -23340.0 
55.0 -13885.0 
114.0 -21125.0 
52.0 -13425.0 
50.0 -13080.0 
84.0 -17775.0 
115.0 -21200.0 
76.0 -16740.0 
58.0 -14290.0 
129.0 -22610.0 
89.0 -18360.0 
47.0 -12665.0 
48.0 -12850.0 
46.0 -12480.0 
55.0 -13885.0 
44.0 -12230.0 
107.0 -20345.0 
87.0 -18035.0 
91.0 -18555.0 
157.0 -25095.0 
93.0 -18815.0 
54.0 -13700.0 
173.0 -26405.0 
169.0 -26105.0 
104.0 -20005.0 
60.0 -14520.0 
61.0 -14735.0 
63.0 -14935.0 
43.0 -12045.0 
165.0 -25775.0 
53.0 -13485.0 
101.0 -19680.0 
124.0 -22025.0 
84.0 -17775.0 
48.0 -12850.0 
92.0 -18640.0 
67.0 -15555.0 
129.0 -22610.0 
115.0 -21200.0 
158.0 -25165.0 
89.0 -18360.0 
144.0 -23950.0 
82.0 -17450.0 
153.0 -24750.0 
104.0 -20005.0 
170.0 -26175.0 
114.0 -21125.0 
106.0 -20260.0 
117.0 -21410.0 
112.0 -20825.0 
125.0 -22210.0 
93.0 -18815.0 
128.0 -22475.0 
156.0 -24975.0 
165.0 -25775.0 
47.0 -12665.0 
120.0 -21625.0 
162.0 -25495.0 
145.0 -24020.0 
109.0 -20545.0 
148.0 -24295.0 
173.0 -26405.0 
76.0 -16740.0 
159.0 -25230.0 
79.0 -17045.0 
142.0 -23755.0 
151.0 -24500.0 
140.0 -23565.0 
65.0 -15190.0 
67.0 -15555.0 
123.0 -21945.0 
85.0 -17825.0 
63.0 -14935.0 
96.0 -19140.0 
88.0 -18230.0 
45.0 -12400.0 
91.0 -18555.0 
134.0 -23010.0 
99.0 -19480.0 
43.0 -12045.0 
101.0 -19680.0 
70.0 -15960.0 
53.0 -13485.0 
50.0 -13080.0 
60.0 -14520.0 
165.0 -25775.0 
141.0 -23685.0 
61.0 -14735.0 
165.0 -25775.0 
89.0 -18360.0 
137.0 -23340.0 
121.0 -21865.0 
88.0 -18230.0 
93.0 -18815.0 
137.0 -23340.0 
169.0 -26105.0 
157.0 -25095.0 
102.0 -19805.0 
84.0 -17775.0 
114.0 -21125.0 
114.0 -21125.0 
49.0 -13020.0 
67.0 -15555.0 
76.0 -16740.0 
42.0 -11985.0 
70.0 -15960.0 
70.0 -15960.0 
55.0 -13885.0 
174.0 -26520.0 
61.0 -14735.0 
161.0 -25430.0 
96.0 -19140.0 
125.0 -22210.0 
110.0 -20670.0 
141.0 -23685.0 
146.0 -24140.0 
81.0 -17370.0 
121.0 -21865.0 
169.0 -26105.0 
73.0 -16335.0 
157.0 -25095.0 
99.0 -19480.0 
42.0 -11985.0 
49.0 -13020.0 
93.0 -18815.0 
100.0 -19595.0 
146.0 -24140.0 
78.0 -16995.0 
121.0 -21865.0 
129.0 -22610.0 
52.0 -13425.0 
58.0 -14290.0 
129.0 -22610.0 
64.0 -15140.0 
117.0 -21410.0 
150.0 -24485.0 
45.0 -12400.0 
108.0 -20460.0 
153.0 -24750.0 
106.0 -20260.0 
133.0 -22955.0 
84.0 -17775.0 
75.0 -16590.0 
91.0 -18555.0 
84.0 -17775.0 
113.0 -21000.0 
162.0 -25495.0 
51.0 -13265.0 
82.0 -17450.0 
166.0 -25840.0 
53.0 -13485.0 
134.0 -23010.0 
115.0 -21200.0 
149.0 -24365.0 
121.0 -21865.0 
101.0 -19680.0 
57.0 -14115.0 
106.0 -20260.0 
49.0 -13020.0 
43.0 -12045.0 
60.0 -14520.0 
45.0 -12400.0 
47.0 -12665.0 
121.0 -21865.0 
149.0 -24365.0 
165.0 -25775.0 
89.0 -18360.0 
93.0 -18815.0 
156.0 -24975.0 
69.0 -15770.0 
117.0 -21410.0 
114.0 -21125.0 
47.0 -12665.0 
174.0 -26520.0 
110.0 -20670.0 
54.0 -13700.0 
141.0 -23685.0 
96.0 -19140.0 
134.0 -23010.0 
84.0 -17775.0 
105.0 -20085.0 
129.0 -22610.0 
75.0 -16590.0 
43.0 -12045.0 
79.0 -17045.0 
121.0 -21865.0 
99.0 -19480.0 
130.0 -22665.0 
82.0 -17450.0 
140.0 -23565.0 
133.0 -22955.0 
175.0 -26585.0 
93.0 -18815.0 
124.0 -22025.0 
142.0 -23755.0 
113.0 -21000.0 
110.0 -20670.0 
119.0 -21545.0 
116.0 -21280.0 
161.0 -25430.0 
87.0 -18035.0 
84.0 -17775.0 
105.0 -20085.0 
156.0 -24975.0 
153.0 -24750.0 
145.0 -24020.0 
159.0 -25230.0 
107.0 -20345.0 
169.0 -26105.0 
151.0 -24500.0 
102.0 -19805.0 
148.0 -24295.0 
127.0 -22300.0 
96.0 -19140.0 
70.0 -15960.0 
50.0 -13080.0 
79.0 -17045.0 
68.0 -15595.0 
90.0 -18440.0 
167.0 -25910.0 
76.0 -16740.0 
61.0 -14735.0 
96.0 -19140.0 
76.0 -16740.0 
61.0 -14735.0 
174.0 -26520.0 
93.0 -18815.0 
146.0 -24140.0 
121.0 -21865.0 
129.0 -22610.0 
157.0 -25095.0 
67.0 -15555.0 
165.0 -25775.0 
174.0 -26520.0 
88.0 -18230.0 
81.0 -17370.0 
150.0 -24485.0 
121.0 -21865.0 
129.0 -22610.0 
121.0 -21865.0 
78.0 -16995.0 
84.0 -17775.0 
169.0 -26105.0 
45.0 -12400.0 
49.0 -13020.0 
137.0 -23340.0 
67.0 -15555.0 
146.0 -24140.0 
58.0 -14290.0 
161.0 -25430.0 
42.0 -11985.0 
137.0 -23340.0 
64.0 -15140.0 
42.0 -11985.0 
84.0 -17775.0 
49.0 -13020.0 
133.0 -22955.0 
73.0 -16335.0 
165.0 -25775.0 
76.0 -16740.0 
114.0 -21125.0 
117.0 -21410.0 
93.0 -18815.0 
108.0 -20460.0 
125.0 -22210.0 
99.0 -19480.0 
102.0 -19805.0 
114.0 -21125.0 
61.0 -14735.0 
89.0 -18360.0 
150.0 -24485.0 
55.0 -13885.0 
110.0 -20670.0 
106.0 -20260.0 
52.0 -13425.0 
141.0 -23685.0 
100.0 -19595.0 
157.0 -25095.0 
153.0 -24750.0 
70.0 -15960.0 
116.0 -21280.0 
79.0 -17045.0 
121.0 -21865.0 
82.0 -17450.0 
54.0 -13700.0 
100.0 -19595.0 
163.0 -25565.0 
152.0 -24630.0 
84.0 -17775.0 
53.0 -13485.0 
60.0 -14520.0 
108.0 -20460.0 
50.0 -13080.0 
89.0 -18360.0 
106.0 -20260.0 
65.0 -15190.0 
45.0 -12400.0 
43.0 -12045.0 
87.0 -18035.0 
140.0 -23565.0 
67.0 -15555.0 
93.0 -18815.0 
83.0 -17580.0 
88.0 -18230.0 
67.0 -15555.0 
114.0 -21125.0 
133.0 -22955.0 
99.0 -19480.0 
121.0 -21865.0 
125.0 -22210.0 
93.0 -18815.0 
42.0 -11985.0 
78.0 -16995.0 
174.0 -26520.0 
58.0 -14290.0 
167.0 -25910.0 
75.0 -16590.0 
75.0 -16590.0 
107.0 -20345.0 
76.0 -16740.0 
79.0 -17045.0 
107.0 -20345.0 
110.0 -20670.0 
113.0 -21000.0 
152.0 -24630.0 
155.0 -24885.0 
138.0 -23410.0 
135.0 -23045.0 
129.0 -22610.0 
132.0 -22820.0 
45.0 -12400.0 
74.0 -16415.0 
175.0 -26585.0 
127.0 -22300.0 
61.0 -14735.0 
67.0 -15555.0 
64.0 -15140.0 
82.0 -17450.0 
124.0 -22025.0 
145.0 -24020.0 
84.0 -17775.0 
121.0 -21865.0 
116.0 -21280.0 
104.0 -20005.0 
166.0 -25840.0 
56.0 -13900.0 
93.0 -18815.0 
43.0 -12045.0 
101.0 -19680.0 
158.0 -25165.0 
88.0 -18230.0 
72.0 -16175.0 
91.0 -18555.0 
149.0 -24365.0 
51.0 -13265.0 
137.0 -23340.0 
125.0 -22210.0 
84.0 -17775.0 
84.0 -17775.0 
93.0 -18815.0 
81.0 -17370.0 
93.0 -18815.0 
76.0 -16740.0 
144.0 -23950.0 
121.0 -21865.0 
89.0 -18360.0 
55.0 -13885.0 
55.0 -13885.0 
52.0 -13425.0 
70.0 -15960.0 
174.0 -26520.0 
64.0 -15140.0 
45.0 -12400.0 
129.0 -22610.0 
49.0 -13020.0 
61.0 -14735.0 
110.0 -20670.0 
106.0 -20260.0 
108.0 -20460.0 
88.0 -18230.0 
58.0 -14290.0 
157.0 -25095.0 
121.0 -21865.0 
64.0 -15140.0 
102.0 -19805.0 
150.0 -24485.0 
146.0 -24140.0 
157.0 -25095.0 
96.0 -19140.0 
78.0 -16995.0 
114.0 -21125.0 
161.0 -25430.0 
99.0 -19480.0 
73.0 -16335.0 
114.0 -21125.0 
67.0 -15555.0 
150.0 -24485.0 
174.0 -26520.0 
153.0 -24750.0 
42.0 -11985.0 
42.0 -11985.0 
165.0 -25775.0 
165.0 -25775.0 
169.0 -26105.0 
100.0 -19595.0 
121.0 -21865.0 
141.0 -23685.0 
133.0 -22955.0 
117.0 -21410.0 
129.0 -22610.0 
49.0 -13020.0 
137.0 -23340.0 
70.0 -15960.0 
87.0 -18035.0 
81.0 -17370.0 
83.0 -17580.0 
88.0 -18230.0 
53.0 -13485.0 
90.0 -18440.0 
95.0 -19025.0 
50.0 -13080.0 
76.0 -16740.0 
78.0 -16995.0 
121.0 -21865.0 
54.0 -13700.0 
103.0 -19890.0 
57.0 -14115.0 
167.0 -25910.0 
110.0 -20670.0 
51.0 -13265.0 
113.0 -21000.0 
43.0 -12045.0 
116.0 -21280.0 
101.0 -19680.0 
97.0 -19225.0 
84.0 -17775.0 
137.0 -23340.0 
42.0 -11985.0 
161.0 -25430.0 
100.0 -19595.0 
108.0 -20460.0 
87.0 -18035.0 
82.0 -17450.0 
60.0 -14520.0 
78.0 -16995.0 
79.0 -17045.0 
170.0 -26175.0 
156.0 -24975.0 
173.0 -26405.0 
153.0 -24750.0 
130.0 -22665.0 
124.0 -22025.0 
159.0 -25230.0 
145.0 -24020.0 
148.0 -24295.0 
151.0 -24500.0 
165.0 -25775.0 
127.0 -22300.0 
162.0 -25495.0 
79.0 -17045.0 
76.0 -16740.0 
82.0 -17450.0 
137.0 -23340.0 
140.0 -23565.0 
168.0 -25975.0 
45.0 -12400.0 
134.0 -23010.0 
143.0 -23775.0 
121.0 -21865.0 
101.0 -19680.0 
116.0 -21280.0 
113.0 -21000.0 
74.0 -16415.0 
42.0 -11985.0 
60.0 -14520.0 
53.0 -13485.0 
72.0 -16175.0 
70.0 -15960.0 
84.0 -17775.0 
87.0 -18035.0 
63.0 -14935.0 
68.0 -15595.0 
121.0 -21865.0 
96.0 -19140.0 
117.0 -21410.0 
64.0 -15140.0 
73.0 -16335.0 
93.0 -18815.0 
55.0 -13885.0 
84.0 -17775.0 
174.0 -26520.0 
106.0 -20260.0 
84.0 -17775.0 
114.0 -21125.0 
42.0 -11985.0 
165.0 -25775.0 
93.0 -18815.0 
141.0 -23685.0 
161.0 -25430.0 
114.0 -21125.0 
153.0 -24750.0 
81.0 -17370.0 
174.0 -26520.0 
146.0 -24140.0 
76.0 -16740.0 
121.0 -21865.0 
42.0 -11985.0 
157.0 -25095.0 
88.0 -18230.0 
110.0 -20670.0 
146.0 -24140.0 
129.0 -22610.0 
45.0 -12400.0 
150.0 -24485.0 
133.0 -22955.0 
67.0 -15555.0 
70.0 -15960.0 
70.0 -15960.0 
61.0 -14735.0 
137.0 -23340.0 
49.0 -13020.0 
169.0 -26105.0 
165.0 -25775.0 
129.0 -22610.0 
125.0 -22210.0 
137.0 -23340.0 
52.0 -13425.0 
55.0 -13885.0 
99.0 -19480.0 
108.0 -20460.0 
121.0 -21865.0 
100.0 -19595.0 
78.0 -16995.0 
89.0 -18360.0 
141.0 -23685.0 
49.0 -13020.0 
64.0 -15140.0 
102.0 -19805.0 
58.0 -14290.0 
157.0 -25095.0 
72.0 -16175.0 
133.0 -22955.0 
119.0 -21545.0 
82.0 -17450.0 
69.0 -15770.0 
64.0 -15140.0 
56.0 -13900.0 
95.0 -19025.0 
88.0 -18230.0 
47.0 -12665.0 
91.0 -18555.0 
137.0 -23340.0 
115.0 -21200.0 
149.0 -24365.0 
45.0 -12400.0 
51.0 -13265.0 
93.0 -18815.0 
49.0 -13020.0 
43.0 -12045.0 
171.0 -26240.0 
54.0 -13700.0 
53.0 -13485.0 
78.0 -16995.0 
174.0 -26520.0 
61.0 -14735.0 
60.0 -14520.0 
63.0 -14935.0 
50.0 -13080.0 
114.0 -21125.0 
141.0 -23685.0 
47.0 -12665.0 
43.0 -12045.0 
121.0 -21865.0 
65.0 -15190.0 
154.0 -24820.0 
158.0 -25165.0 
129.0 -22610.0 
75.0 -16590.0 
138.0 -23410.0 
141.0 -23685.0 
133.0 -22955.0 
172.0 -26310.0 
102.0 -19805.0 
113.0 -21000.0 
152.0 -24630.0 
136.0 -23220.0 
125.0 -22210.0 
144.0 -23950.0 
120.0 -21625.0 
123.0 -21945.0 
105.0 -20085.0 
147.0 -24155.0 
99.0 -19480.0 
107.0 -20345.0 
96.0 -19140.0 
165.0 -25775.0 
110.0 -20670.0 
162.0 -25495.0 
128.0 -22475.0 
54.0 -13700.0 
93.0 -18815.0 
79.0 -17045.0 
116.0 -21280.0 
175.0 -26585.0 
51.0 -13265.0 
131.0 -22675.0 
155.0 -24885.0 
82.0 -17450.0 
158.0 -25165.0 
44.0 -12230.0 
76.0 -16740.0 
88.0 -18230.0 
47.0 -12665.0 
149.0 -24365.0 
70.0 -15960.0 
74.0 -16415.0 
72.0 -16175.0 
50.0 -13080.0 
58.0 -14290.0 
161.0 -25430.0 
99.0 -19480.0 
70.0 -15960.0 
141.0 -23685.0 
88.0 -18230.0 
121.0 -21865.0 
153.0 -24750.0 
84.0 -17775.0 
129.0 -22610.0 
78.0 -16995.0 
70.0 -15960.0 
169.0 -26105.0 
55.0 -13885.0 
73.0 -16335.0 
114.0 -21125.0 
144.0 -23950.0 
117.0 -21410.0 
76.0 -16740.0 
121.0 -21865.0 
102.0 -19805.0 
169.0 -26105.0 
129.0 -22610.0 
150.0 -24485.0 
137.0 -23340.0 
67.0 -15555.0 
133.0 -22955.0 
153.0 -24750.0 
106.0 -20260.0 
61.0 -14735.0 
165.0 -25775.0 
42.0 -11985.0 
49.0 -13020.0 
100.0 -19595.0 
110.0 -20670.0 
141.0 -23685.0 
93.0 -18815.0 
81.0 -17370.0 
114.0 -21125.0 
61.0 -14735.0 
93.0 -18815.0 
84.0 -17775.0 
146.0 -24140.0 
64.0 -15140.0 
52.0 -13425.0 
108.0 -20460.0 
89.0 -18360.0 
174.0 -26520.0 
96.0 -19140.0 
161.0 -25430.0 
58.0 -14290.0 
45.0 -12400.0 
55.0 -13885.0 
125.0 -22210.0 
157.0 -25095.0 
137.0 -23340.0 
121.0 -21865.0 
49.0 -13020.0 
65.0 -15190.0 
116.0 -21280.0 
128.0 -22475.0 
49.0 -13020.0 
112.0 -20825.0 
167.0 -25910.0 
163.0 -25565.0 
148.0 -24295.0 
158.0 -25165.0 
104.0 -20005.0 
156.0 -24975.0 
59.0 -14340.0 
121.0 -21865.0 
75.0 -16590.0 
45.0 -12400.0 
113.0 -21000.0 
43.0 -12045.0 
92.0 -18640.0 
174.0 -26520.0 
86.0 -17955.0 
133.0 -22955.0 
60.0 -14520.0 
73.0 -16335.0 
140.0 -23565.0 
81.0 -17370.0 
67.0 -15555.0 
57.0 -14115.0 
56.0 -13900.0 
53.0 -13485.0 
54.0 -13700.0 
51.0 -13265.0 
91.0 -18555.0 
125.0 -22210.0 
84.0 -17775.0 
134.0 -23010.0 
87.0 -18035.0 
114.0 -21125.0 
79.0 -17045.0 
174.0 -26520.0 
144.0 -23950.0 
84.0 -17775.0 
161.0 -25430.0 
114.0 -21125.0 
136.0 -23220.0 
141.0 -23685.0 
138.0 -23410.0 
112.0 -20825.0 
63.0 -14935.0 
125.0 -22210.0 
128.0 -22475.0 
65.0 -15190.0 
67.0 -15555.0 
106.0 -20260.0 
169.0 -26105.0 
120.0 -21625.0 
87.0 -18035.0 
70.0 -15960.0 
117.0 -21410.0 
100.0 -19595.0 
147.0 -24155.0 
150.0 -24485.0 
153.0 -24750.0 
133.0 -22955.0 
45.0 -12400.0 
42.0 -11985.0 
156.0 -24975.0 
159.0 -25230.0 
103.0 -19890.0 
166.0 -25840.0 
73.0 -16335.0 
56.0 -13900.0 
97.0 -19225.0 
79.0 -17045.0 
76.0 -16740.0 
94.0 -18895.0 
82.0 -17450.0 
60.0 -14520.0 
91.0 -18555.0 
88.0 -18230.0 
121.0 -21865.0 
141.0 -23685.0 
70.0 -15960.0 
114.0 -21125.0 
76.0 -16740.0 
110.0 -20670.0 
137.0 -23340.0 
55.0 -13885.0 
42.0 -11985.0 
157.0 -25095.0 
146.0 -24140.0 
93.0 -18815.0 
78.0 -16995.0 
174.0 -26520.0 
106.0 -20260.0 
153.0 -24750.0 
165.0 -25775.0 
67.0 -15555.0 
125.0 -22210.0 
165.0 -25775.0 
64.0 -15140.0 
157.0 -25095.0 
84.0 -17775.0 
99.0 -19480.0 
100.0 -19595.0 
121.0 -21865.0 
64.0 -15140.0 
114.0 -21125.0 
137.0 -23340.0 
58.0 -14290.0 
150.0 -24485.0 
88.0 -18230.0 
52.0 -13425.0 
161.0 -25430.0 
146.0 -24140.0 
48.0 -12850.0 
49.0 -13020.0 
144.0 -23950.0 
169.0 -26105.0 
129.0 -22610.0 
42.0 -11985.0 
102.0 -19805.0 
81.0 -17370.0 
76.0 -16740.0 
117.0 -21410.0 
84.0 -17775.0 
174.0 -26520.0 
96.0 -19140.0 
129.0 -22610.0 
45.0 -12400.0 
89.0 -18360.0 
93.0 -18815.0 
133.0 -22955.0 
73.0 -16335.0 
55.0 -13885.0 
108.0 -20460.0 
61.0 -14735.0 
98.0 -19305.0 
64.0 -15140.0 
45.0 -12400.0 
114.0 -21125.0 
158.0 -25165.0 
72.0 -16175.0 
103.0 -19890.0 
106.0 -20260.0 
68.0 -15595.0 
42.0 -11985.0 
148.0 -24295.0 
57.0 -14115.0 
49.0 -13020.0 
112.0 -20825.0 
87.0 -18035.0 
94.0 -18895.0 
99.0 -19480.0 
69.0 -15770.0 
54.0 -13700.0 
47.0 -12665.0 
83.0 -17580.0 
115.0 -21200.0 
100.0 -19595.0 
78.0 -16995.0 
100.0 -19595.0 
91.0 -18555.0 
93.0 -18815.0 
114.0 -21125.0 
112.0 -20825.0 
117.0 -21410.0 
109.0 -20545.0 
136.0 -23220.0 
120.0 -21625.0 
128.0 -22475.0 
125.0 -22210.0 
162.0 -25495.0 
131.0 -22675.0 
133.0 -22955.0 
159.0 -25230.0 
156.0 -24975.0 
123.0 -21945.0 
76.0 -16740.0 
165.0 -25775.0 
79.0 -17045.0 
42.0 -11985.0 
153.0 -24750.0 
170.0 -26175.0 
61.0 -14735.0 
106.0 -20260.0 
99.0 -19480.0 
53.0 -13485.0 
82.0 -17450.0 
59.0 -14340.0 
168.0 -25975.0 
148.0 -24295.0 
74.0 -16415.0 
64.0 -15140.0 
145.0 -24020.0 
67.0 -15555.0 
142.0 -23755.0 
151.0 -24500.0 
50.0 -13080.0 
88.0 -18230.0 
91.0 -18555.0 
173.0 -26405.0 
140.0 -23565.0 
96.0 -19140.0 
72.0 -16175.0 
69.0 -15770.0 
47.0 -12665.0 
133.0 -22955.0 
146.0 -24140.0 
169.0 -26105.0 
61.0 -14735.0 
76.0 -16740.0 
70.0 -15960.0 
81.0 -17370.0 
165.0 -25775.0 
55.0 -13885.0 
73.0 -16335.0 
108.0 -20460.0 
137.0 -23340.0 
99.0 -19480.0 
48.0 -12850.0 
114.0 -21125.0 
84.0 -17775.0 
55.0 -13885.0 
106.0 -20260.0 
144.0 -23950.0 
161.0 -25430.0 
174.0 -26520.0 
129.0 -22610.0 
61.0 -14735.0 
157.0 -25095.0 
125.0 -22210.0 
137.0 -23340.0 
157.0 -25095.0 
146.0 -24140.0 
52.0 -13425.0 
42.0 -11985.0 
129.0 -22610.0 
70.0 -15960.0 
42.0 -11985.0 
89.0 -18360.0 
141.0 -23685.0 
150.0 -24485.0 
100.0 -19595.0 
102.0 -19805.0 
88.0 -18230.0 
78.0 -16995.0 
121.0 -21865.0 
121.0 -21865.0 
114.0 -21125.0 
96.0 -19140.0 
49.0 -13020.0 
67.0 -15555.0 
165.0 -25775.0 
84.0 -17775.0 
45.0 -12400.0 
93.0 -18815.0 
153.0 -24750.0 
93.0 -18815.0 
117.0 -21410.0 
110.0 -20670.0 
64.0 -15140.0 
174.0 -26520.0 
58.0 -14290.0 
163.0 -25565.0 
44.0 -12230.0 
102.0 -19805.0 
59.0 -14340.0 
88.0 -18230.0 
80.0 -17195.0 
48.0 -12850.0 
50.0 -13080.0 
76.0 -16740.0 
94.0 -18895.0 
121.0 -21865.0 
106.0 -20260.0 
109.0 -20545.0 
43.0 -12045.0 
145.0 -24020.0 
167.0 -25910.0 
158.0 -25165.0 
92.0 -18640.0 
149.0 -24365.0 
78.0 -16995.0 
67.0 -15555.0 
47.0 -12665.0 
71.0 -16010.0 
141.0 -23685.0 
97.0 -19225.0 
53.0 -13485.0 
54.0 -13700.0 
57.0 -14115.0 
42.0 -11985.0 
161.0 -25430.0 
54.0 -13700.0 
116.0 -21280.0 
145.0 -24020.0 
49.0 -13020.0 
136.0 -23220.0 
129.0 -22610.0 
121.0 -21865.0 
150.0 -24485.0 
171.0 -26240.0 
90.0 -18440.0 
154.0 -24820.0 
129.0 -22610.0 
124.0 -22025.0 
141.0 -23685.0 
118.0 -21470.0 
133.0 -22955.0 
144.0 -23950.0 
138.0 -23410.0 
84.0 -17775.0 
136.0 -23220.0 
147.0 -24155.0 
121.0 -21865.0 
150.0 -24485.0 
60.0 -14520.0 
79.0 -17045.0 
57.0 -14115.0 
47.0 -12665.0 
76.0 -16740.0 
49.0 -13020.0 
45.0 -12400.0 
54.0 -13700.0 
104.0 -20005.0 
163.0 -25565.0 
115.0 -21200.0 
107.0 -20345.0 
43.0 -12045.0 
93.0 -18815.0 
166.0 -25840.0 
99.0 -19480.0 
90.0 -18440.0 
74.0 -16415.0 
160.0 -25305.0 
125.0 -22210.0 
128.0 -22475.0 
113.0 -21000.0 
173.0 -26405.0 
110.0 -20670.0 
157.0 -25095.0 
82.0 -17450.0 
96.0 -19140.0 
65.0 -15190.0 
69.0 -15770.0 
170.0 -26175.0 
154.0 -24820.0 
72.0 -16175.0 
88.0 -18230.0 
88.0 -18230.0 
57.0 -14115.0 
133.0 -22955.0 
70.0 -15960.0 
49.0 -13020.0 
150.0 -24485.0 
76.0 -16740.0 
150.0 -24485.0 
110.0 -20670.0 
49.0 -13020.0 
174.0 -26520.0 
106.0 -20260.0 
169.0 -26105.0 
61.0 -14735.0 
169.0 -26105.0 
52.0 -13425.0 
121.0 -21865.0 
100.0 -19595.0 
137.0 -23340.0 
121.0 -21865.0 
106.0 -20260.0 
161.0 -25430.0 
93.0 -18815.0 
42.0 -11985.0 
84.0 -17775.0 
153.0 -24750.0 
137.0 -23340.0 
93.0 -18815.0 
161.0 -25430.0 
73.0 -16335.0 
89.0 -18360.0 
99.0 -19480.0 
42.0 -11985.0 
70.0 -15960.0 
165.0 -25775.0 
58.0 -14290.0 
129.0 -22610.0 
113.0 -21000.0 
64.0 -15140.0 
146.0 -24140.0 
129.0 -22610.0 
84.0 -17775.0 
81.0 -17370.0 
125.0 -22210.0 
114.0 -21125.0 
102.0 -19805.0 
67.0 -15555.0 
76.0 -16740.0 
141.0 -23685.0 
146.0 -24140.0 
96.0 -19140.0 
78.0 -16995.0 
117.0 -21410.0 
61.0 -14735.0 
121.0 -21865.0 
45.0 -12400.0 
157.0 -25095.0 
55.0 -13885.0 
67.0 -15555.0 
124.0 -22025.0 
129.0 -22610.0 
174.0 -26520.0 
158.0 -25165.0 
42.0 -11985.0 
93.0 -18815.0 
79.0 -17045.0 
70.0 -15960.0 
75.0 -16590.0 
44.0 -12230.0 
118.0 -21470.0 
57.0 -14115.0 
87.0 -18035.0 
101.0 -19680.0 
50.0 -13080.0 
99.0 -19480.0 
121.0 -21865.0 
149.0 -24365.0 
136.0 -23220.0 
133.0 -22955.0 
140.0 -23565.0 
60.0 -14520.0 
106.0 -20260.0 
47.0 -12665.0 
66.0 -15340.0 
114.0 -21125.0 
165.0 -25775.0 
53.0 -13485.0 
64.0 -15140.0 
63.0 -14935.0 
61.0 -14735.0 
85.0 -17825.0 
43.0 -12045.0 
146.0 -24140.0 
75.0 -16590.0 
81.0 -17370.0 
88.0 -18230.0 
60.0 -14520.0 
101.0 -19680.0 
108.0 -20460.0 
171.0 -26240.0 
137.0 -23340.0 
115.0 -21200.0 
97.0 -19225.0 
79.0 -17045.0 
137.0 -23340.0 
153.0 -24750.0 
156.0 -24975.0 
148.0 -24295.0 
140.0 -23565.0 
100.0 -19595.0 
165.0 -25775.0 
125.0 -22210.0 
159.0 -25230.0 
151.0 -24500.0 
122.0 -21870.0 
70.0 -15960.0 
103.0 -19890.0 
132.0 -22820.0 
92.0 -18640.0 
106.0 -20260.0 
135.0 -23045.0 
120.0 -21625.0 
162.0 -25495.0 
98.0 -19305.0 
168.0 -25975.0 
95.0 -19025.0 
42.0 -11985.0 
114.0 -21125.0 
68.0 -15595.0 
76.0 -16740.0 
79.0 -17045.0 
66.0 -15340.0 
112.0 -20825.0 
73.0 -16335.0 
45.0 -12400.0 
117.0 -21410.0 
84.0 -17775.0 
109.0 -20545.0 
89.0 -18360.0 
171.0 -26240.0 
60.0 -14520.0 
87.0 -18035.0 
174.0 -26520.0 
81.0 -17370.0 
128.0 -22475.0 
145.0 -24020.0 
55.0 -13885.0 
84.0 -17775.0 
42.0 -11985.0 
61.0 -14735.0 
78.0 -16995.0 
121.0 -21865.0 
129.0 -22610.0 
88.0 -18230.0 
67.0 -15555.0 
161.0 -25430.0 
93.0 -18815.0 
121.0 -21865.0 
170.0 -26175.0 
165.0 -25775.0 
114.0 -21125.0 
114.0 -21125.0 
137.0 -23340.0 
49.0 -13020.0 
150.0 -24485.0 
108.0 -20460.0 
146.0 -24140.0 
49.0 -13020.0 
157.0 -25095.0 
106.0 -20260.0 
93.0 -18815.0 
129.0 -22610.0 
137.0 -23340.0 
141.0 -23685.0 
76.0 -16740.0 
89.0 -18360.0 
100.0 -19595.0 
157.0 -25095.0 
110.0 -20670.0 
64.0 -15140.0 
165.0 -25775.0 
84.0 -17775.0 
99.0 -19480.0 
117.0 -21410.0 
133.0 -22955.0 
146.0 -24140.0 
121.0 -21865.0 
174.0 -26520.0 
55.0 -13885.0 
96.0 -19140.0 
42.0 -11985.0 
169.0 -26105.0 
67.0 -15555.0 
58.0 -14290.0 
153.0 -24750.0 
61.0 -14735.0 
144.0 -23950.0 
102.0 -19805.0 
78.0 -16995.0 
52.0 -13425.0 
73.0 -16335.0 
70.0 -15960.0 
81.0 -17370.0 
125.0 -22210.0 
45.0 -12400.0 
94.0 -18895.0 
75.0 -16590.0 
54.0 -13700.0 
52.0 -13425.0 
151.0 -24500.0 
57.0 -14115.0 
69.0 -15770.0 
88.0 -18230.0 
146.0 -24140.0 
99.0 -19480.0 
49.0 -13020.0 
55.0 -13885.0 
45.0 -12400.0 
171.0 -26240.0 
140.0 -23565.0 
153.0 -24750.0 
167.0 -25910.0 
90.0 -18440.0 
60.0 -14520.0 
61.0 -14735.0 
82.0 -17450.0 
47.0 -12665.0 
174.0 -26520.0 
158.0 -25165.0 
84.0 -17775.0 
149.0 -24365.0 
133.0 -22955.0 
108.0 -20460.0 
129.0 -22610.0 
121.0 -21865.0 
88.0 -18230.0 
120.0 -21625.0 
56.0 -13900.0 
145.0 -24020.0 
116.0 -21280.0 
87.0 -18035.0 
94.0 -18895.0 
116.0 -21280.0 
174.0 -26520.0 
169.0 -26105.0 
82.0 -17450.0 
100.0 -19595.0 
156.0 -24975.0 
144.0 -23950.0 
141.0 -23685.0 
150.0 -24485.0 
147.0 -24155.0 
138.0 -23410.0 
159.0 -25230.0 
79.0 -17045.0 
88.0 -18230.0 
76.0 -16740.0 
133.0 -22955.0 
166.0 -25840.0 
117.0 -21410.0 
44.0 -12230.0 
74.0 -16415.0 
114.0 -21125.0 
85.0 -17825.0 
161.0 -25430.0 
47.0 -12665.0 
53.0 -13485.0 
125.0 -22210.0 
136.0 -23220.0 
106.0 -20260.0 
61.0 -14735.0 
120.0 -21625.0 
153.0 -24750.0 
130.0 -22665.0 
72.0 -16175.0 
109.0 -20545.0 
70.0 -15960.0 
68.0 -15595.0 
92.0 -18640.0 
81.0 -17370.0 
84.0 -17775.0 
161.0 -25430.0 
88.0 -18230.0 
146.0 -24140.0 
93.0 -18815.0 
153.0 -24750.0 
45.0 -12400.0 
121.0 -21865.0 
93.0 -18815.0 
52.0 -13425.0 
89.0 -18360.0 
165.0 -25775.0 
169.0 -26105.0 
84.0 -17775.0 
121.0 -21865.0 
64.0 -15140.0 
146.0 -24140.0 
114.0 -21125.0 
129.0 -22610.0 
144.0 -23950.0 
117.0 -21410.0 
157.0 -25095.0 
100.0 -19595.0 
129.0 -22610.0 
70.0 -15960.0 
153.0 -24750.0 
61.0 -14735.0 
108.0 -20460.0 
133.0 -22955.0 
141.0 -23685.0 
121.0 -21865.0 
49.0 -13020.0 
174.0 -26520.0 
161.0 -25430.0 
99.0 -19480.0 
76.0 -16740.0 
114.0 -21125.0 
81.0 -17370.0 
125.0 -22210.0 
70.0 -15960.0 
58.0 -14290.0 
96.0 -19140.0 
49.0 -13020.0 
73.0 -16335.0 
106.0 -20260.0 
78.0 -16995.0 
102.0 -19805.0 
67.0 -15555.0 
45.0 -12400.0 
150.0 -24485.0 
174.0 -26520.0 
137.0 -23340.0 
137.0 -23340.0 
165.0 -25775.0 
55.0 -13885.0 
110.0 -20670.0 
61.0 -14735.0 
42.0 -11985.0 
149.0 -24365.0 
93.0 -18815.0 
48.0 -12850.0 
84.0 -17775.0 
120.0 -21625.0 
87.0 -18035.0 
82.0 -17450.0 
106.0 -20260.0 
88.0 -18230.0 
145.0 -24020.0 
100.0 -19595.0 
73.0 -16335.0 
91.0 -18555.0 
42.0 -11985.0 
124.0 -22025.0 
79.0 -17045.0 
84.0 -17775.0 
60.0 -14520.0 
50.0 -13080.0 
54.0 -13700.0 
75.0 -16590.0 
69.0 -15770.0 
108.0 -20460.0 
47.0 -12665.0 
101.0 -19680.0 
169.0 -26105.0 
168.0 -25975.0 
88.0 -18230.0 
91.0 -18555.0 
162.0 -25495.0 
125.0 -22210.0 
113.0 -21000.0 
133.0 -22955.0 
128.0 -22475.0 
99.0 -19480.0 
116.0 -21280.0 
107.0 -20345.0 
165.0 -25775.0 
141.0 -23685.0 
76.0 -16740.0 
136.0 -23220.0 
105.0 -20085.0 
110.0 -20670.0 
44.0 -12230.0 
102.0 -19805.0 
152.0 -24630.0 
138.0 -23410.0 
119.0 -21545.0 
122.0 -21870.0 
79.0 -17045.0 
69.0 -15770.0 
50.0 -13080.0 
63.0 -14935.0 
47.0 -12665.0 
53.0 -13485.0 
147.0 -24155.0 
144.0 -23950.0 
158.0 -25165.0 
55.0 -13885.0 
94.0 -18895.0 
82.0 -17450.0 
155.0 -24885.0 
74.0 -16415.0 
65.0 -15190.0 
60.0 -14520.0 
137.0 -23340.0 
150.0 -24485.0 
161.0 -25430.0 
121.0 -21865.0 
76.0 -16740.0 
61.0 -14735.0 
61.0 -14735.0 
84.0 -17775.0 
170.0 -26175.0 
114.0 -21125.0 
76.0 -16740.0 
169.0 -26105.0 
157.0 -25095.0 
67.0 -15555.0 
89.0 -18360.0 
88.0 -18230.0 
45.0 -12400.0 
84.0 -17775.0 
93.0 -18815.0 
106.0 -20260.0 
157.0 -25095.0 
125.0 -22210.0 
165.0 -25775.0 
70.0 -15960.0 
49.0 -13020.0 
114.0 -21125.0 
174.0 -26520.0 
129.0 -22610.0 
42.0 -11985.0 
108.0 -20460.0 
102.0 -19805.0 
129.0 -22610.0 
146.0 -24140.0 
146.0 -24140.0 
49.0 -13020.0 
99.0 -19480.0 
96.0 -19140.0 
93.0 -18815.0 
137.0 -23340.0 
141.0 -23685.0 
58.0 -14290.0 
52.0 -13425.0 
67.0 -15555.0 
110.0 -20670.0 
81.0 -17370.0 
42.0 -11985.0 
165.0 -25775.0 
121.0 -21865.0 
64.0 -15140.0 
153.0 -24750.0 
78.0 -16995.0 
100.0 -19595.0 
121.0 -21865.0 
133.0 -22955.0 
55.0 -13885.0 
73.0 -16335.0 
117.0 -21410.0 
60.0 -14520.0 
54.0 -13700.0 
99.0 -19480.0 
89.0 -18360.0 
78.0 -16995.0 
84.0 -17775.0 
80.0 -17195.0 
53.0 -13485.0 
87.0 -18035.0 
44.0 -12230.0 
93.0 -18815.0 
101.0 -19680.0 
171.0 -26240.0 
106.0 -20260.0 
82.0 -17450.0 
104.0 -20005.0 
57.0 -14115.0 
84.0 -17775.0 
137.0 -23340.0 
151.0 -24500.0 
69.0 -15770.0 
93.0 -18815.0 
143.0 -23775.0 
88.0 -18230.0 
50.0 -13080.0 
47.0 -12665.0 
116.0 -21280.0 
80.0 -17195.0 
121.0 -21865.0 
133.0 -22955.0 
129.0 -22610.0 
128.0 -22475.0 
130.0 -22665.0 
88.0 -18230.0 
174.0 -26520.0 
82.0 -17450.0 
47.0 -12665.0 
125.0 -22210.0 
76.0 -16740.0 
79.0 -17045.0 
106.0 -20260.0 
85.0 -17825.0 
114.0 -21125.0 
60.0 -14520.0 
100.0 -19595.0 
109.0 -20545.0 
117.0 -21410.0 
120.0 -21625.0 
169.0 -26105.0 
145.0 -24020.0 
140.0 -23565.0 
112.0 -20825.0 
148.0 -24295.0 
151.0 -24500.0 
65.0 -15190.0 
166.0 -25840.0 
163.0 -25565.0 
42.0 -11985.0 
67.0 -15555.0 
45.0 -12400.0 
74.0 -16415.0 
142.0 -23755.0 
157.0 -25095.0 
69.0 -15770.0 
133.0 -22955.0 
150.0 -24485.0 
108.0 -20460.0 
165.0 -25775.0 
146.0 -24140.0 
84.0 -17775.0 
157.0 -25095.0 
58.0 -14290.0 
89.0 -18360.0 
93.0 -18815.0 
125.0 -22210.0 
64.0 -15140.0 
137.0 -23340.0 
67.0 -15555.0 
114.0 -21125.0 
129.0 -22610.0 
55.0 -13885.0 
129.0 -22610.0 
121.0 -21865.0 
114.0 -21125.0 
49.0 -13020.0 
106.0 -20260.0 
89.0 -18360.0 
49.0 -13020.0 
174.0 -26520.0 
42.0 -11985.0 
78.0 -16995.0 
141.0 -23685.0 
125.0 -22210.0 
165.0 -25775.0 
104.0 -20005.0 
45.0 -12400.0 
102.0 -19805.0 
137.0 -23340.0 
100.0 -19595.0 
96.0 -19140.0 
42.0 -11985.0 
67.0 -15555.0 
52.0 -13425.0 
157.0 -25095.0 
150.0 -24485.0 
174.0 -26520.0 
153.0 -24750.0 
78.0 -16995.0 
70.0 -15960.0 
61.0 -14735.0 
110.0 -20670.0 
169.0 -26105.0 
93.0 -18815.0 
144.0 -23950.0 
76.0 -16740.0 
161.0 -25430.0 
55.0 -13885.0 
121.0 -21865.0 
133.0 -22955.0 
81.0 -17370.0 
84.0 -17775.0 
117.0 -21410.0 
73.0 -16335.0 
57.0 -14115.0 
95.0 -19025.0 
116.0 -21280.0 
108.0 -20460.0 
120.0 -21625.0 
121.0 -21865.0 
77.0 -16760.0 
43.0 -12045.0 
171.0 -26240.0 
100.0 -19595.0 
91.0 -18555.0 
47.0 -12665.0 
125.0 -22210.0 
50.0 -13080.0 
54.0 -13700.0 
112.0 -20825.0 
66.0 -15340.0 
102.0 -19805.0 
60.0 -14520.0 
67.0 -15555.0 
63.0 -14935.0 
64.0 -15140.0 
69.0 -15770.0 
78.0 -16995.0 
61.0 -14735.0 
53.0 -13485.0 
100.0 -19595.0 
75.0 -16590.0 
67.0 -15555.0 
61.0 -14735.0 
129.0 -22610.0 
150.0 -24485.0 
124.0 -22025.0 
54.0 -13700.0 
88.0 -18230.0 
141.0 -23685.0 
108.0 -20460.0 
141.0 -23685.0 
149.0 -24365.0 
128.0 -22475.0 
84.0 -17775.0 
76.0 -16740.0 
117.0 -21410.0 
125.0 -22210.0 
120.0 -21625.0 
175.0 -26585.0 
104.0 -20005.0 
106.0 -20260.0 
114.0 -21125.0 
79.0 -17045.0 
112.0 -20825.0 
157.0 -25095.0 
148.0 -24295.0 
151.0 -24500.0 
87.0 -18035.0 
154.0 -24820.0 
169.0 -26105.0 
70.0 -15960.0 
166.0 -25840.0 
123.0 -21945.0 
67.0 -15555.0 
89.0 -18360.0 
163.0 -25565.0 
145.0 -24020.0 
73.0 -16335.0 
92.0 -18640.0 
172.0 -26310.0 
94.0 -18895.0 
134.0 -23010.0 
142.0 -23755.0 
140.0 -23565.0 
48.0 -12850.0 
99.0 -19480.0 
54.0 -13700.0 
102.0 -19805.0 
51.0 -13265.0 
97.0 -19225.0 
60.0 -14520.0 
81.0 -17370.0 
132.0 -22820.0 
150.0 -24485.0 
117.0 -21410.0 
125.0 -22210.0 
157.0 -25095.0 
148.0 -24295.0 
108.0 -20460.0 
58.0 -14290.0 
84.0 -17775.0 
157.0 -25095.0 
153.0 -24750.0 
70.0 -15960.0 
165.0 -25775.0 
121.0 -21865.0 
161.0 -25430.0 
125.0 -22210.0 
78.0 -16995.0 
146.0 -24140.0 
48.0 -12850.0 
113.0 -21000.0 
81.0 -17370.0 
137.0 -23340.0 
55.0 -13885.0 
88.0 -18230.0 
174.0 -26520.0 
144.0 -23950.0 
170.0 -26175.0 
106.0 -20260.0 
76.0 -16740.0 
67.0 -15555.0 
64.0 -15140.0 
42.0 -11985.0 
93.0 -18815.0 
129.0 -22610.0 
55.0 -13885.0 
121.0 -21865.0 
99.0 -19480.0 
165.0 -25775.0 
64.0 -15140.0 
93.0 -18815.0 
114.0 -21125.0 
110.0 -20670.0 
89.0 -18360.0 
100.0 -19595.0 
73.0 -16335.0 
169.0 -26105.0 
84.0 -17775.0 
96.0 -19140.0 
133.0 -22955.0 
42.0 -11985.0 
61.0 -14735.0 
52.0 -13425.0 
129.0 -22610.0 
141.0 -23685.0 
49.0 -13020.0 
45.0 -12400.0 
102.0 -19805.0 
137.0 -23340.0 
70.0 -15960.0 
53.0 -13485.0 
167.0 -25910.0 
121.0 -21865.0 
55.0 -13885.0 
133.0 -22955.0 
51.0 -13265.0 
158.0 -25165.0 
116.0 -21280.0 
162.0 -25495.0 
129.0 -22610.0 
70.0 -15960.0 
47.0 -12665.0 
108.0 -20460.0 
113.0 -21000.0 
67.0 -15555.0 
171.0 -26240.0 
149.0 -24365.0 
75.0 -16590.0 
78.0 -16995.0 
69.0 -15770.0 
57.0 -14115.0 
100.0 -19595.0 
49.0 -13020.0 
85.0 -17825.0 
83.0 -17580.0 
81.0 -17370.0 
43.0 -12045.0 
87.0 -18035.0 
45.0 -12400.0 
137.0 -23340.0 
145.0 -24020.0 
141.0 -23685.0 
171.0 -26240.0 
49.0 -13020.0 
93.0 -18815.0 
116.0 -21280.0 
124.0 -22025.0 
101.0 -19680.0 
162.0 -25495.0 
140.0 -23565.0 
113.0 -21000.0 
82.0 -17450.0 
133.0 -22955.0 
121.0 -21865.0 
88.0 -18230.0 
82.0 -17450.0 
167.0 -25910.0 
145.0 -24020.0 
112.0 -20825.0 
148.0 -24295.0 
161.0 -25430.0 
153.0 -24750.0 
114.0 -21125.0 
164.0 -25630.0 
85.0 -17825.0 
93.0 -18815.0 
156.0 -24975.0 
82.0 -17450.0 
170.0 -26175.0 
151.0 -24500.0 
88.0 -18230.0 
79.0 -17045.0 
76.0 -16740.0 
91.0 -18555.0 
140.0 -23565.0 
63.0 -14935.0 
137.0 -23340.0 
143.0 -23775.0 
173.0 -26405.0 
96.0 -19140.0 
99.0 -19480.0 
159.0 -25230.0 
132.0 -22820.0 
129.0 -22610.0 
124.0 -22025.0 
102.0 -19805.0 
105.0 -20085.0 
107.0 -20345.0 
69.0 -15770.0 
60.0 -14520.0 
121.0 -21865.0 
74.0 -16415.0 
47.0 -12665.0 
135.0 -23045.0 
127.0 -22300.0 
50.0 -13080.0 
117.0 -21410.0 
120.0 -21625.0 
44.0 -12230.0 
169.0 -26105.0 
121.0 -21865.0 
146.0 -24140.0 
55.0 -13885.0 
84.0 -17775.0 
75.0 -16590.0 
174.0 -26520.0 
129.0 -22610.0 
157.0 -25095.0 
81.0 -17370.0 
93.0 -18815.0 
42.0 -11985.0 
42.0 -11985.0 
52.0 -13425.0 
106.0 -20260.0 
96.0 -19140.0 
76.0 -16740.0 
73.0 -16335.0 
169.0 -26105.0 
121.0 -21865.0 
153.0 -24750.0 
114.0 -21125.0 
125.0 -22210.0 
89.0 -18360.0 
141.0 -23685.0 
121.0 -21865.0 
113.0 -21000.0 
165.0 -25775.0 
129.0 -22610.0 
150.0 -24485.0 
93.0 -18815.0 
144.0 -23950.0 
161.0 -25430.0 
78.0 -16995.0 
70.0 -15960.0 
99.0 -19480.0 
100.0 -19595.0 
174.0 -26520.0 
49.0 -13020.0 
137.0 -23340.0 
137.0 -23340.0 
108.0 -20460.0 
133.0 -22955.0 
64.0 -15140.0 
102.0 -19805.0 
88.0 -18230.0 
61.0 -14735.0 
49.0 -13020.0 
58.0 -14290.0 
45.0 -12400.0 
55.0 -13885.0 
157.0 -25095.0 
64.0 -15140.0 
165.0 -25775.0 
117.0 -21410.0 
110.0 -20670.0 
84.0 -17775.0 
146.0 -24140.0 
67.0 -15555.0 
82.0 -17450.0 
100.0 -19595.0 
167.0 -25910.0 
113.0 -21000.0 
120.0 -21625.0 
88.0 -18230.0 
116.0 -21280.0 
78.0 -16995.0 
80.0 -17195.0 
97.0 -19225.0 
121.0 -21865.0 
49.0 -13020.0 
151.0 -24500.0 
159.0 -25230.0 
134.0 -23010.0 
92.0 -18640.0 
129.0 -22610.0 
125.0 -22210.0 
45.0 -12400.0 
60.0 -14520.0 
106.0 -20260.0 
156.0 -24975.0 
56.0 -13900.0 
64.0 -15140.0 
66.0 -15340.0 
67.0 -15555.0 
54.0 -13700.0 
69.0 -15770.0 
145.0 -24020.0 
47.0 -12665.0 
148.0 -24295.0 
141.0 -23685.0 
72.0 -16175.0 
53.0 -13485.0 
149.0 -24365.0 
47.0 -12665.0 
87.0 -18035.0 
158.0 -25165.0 
79.0 -17045.0 
113.0 -21000.0 
52.0 -13425.0 
166.0 -25840.0 
163.0 -25565.0 
121.0 -21865.0 
114.0 -21125.0 
174.0 -26520.0 
65.0 -15190.0 
65.0 -15190.0 
165.0 -25775.0 
104.0 -20005.0 
151.0 -24500.0 
154.0 -24820.0 
92.0 -18640.0 
148.0 -24295.0 
168.0 -25975.0 
101.0 -19680.0 
133.0 -22955.0 
130.0 -22665.0 
157.0 -25095.0 
136.0 -23220.0 
48.0 -12850.0 
87.0 -18035.0 
171.0 -26240.0 
84.0 -17775.0 
128.0 -22475.0 
54.0 -13700.0 
125.0 -22210.0 
98.0 -19305.0 
174.0 -26520.0 
89.0 -18360.0 
162.0 -25495.0 
44.0 -12230.0 
57.0 -14115.0 
51.0 -13265.0 
70.0 -15960.0 
95.0 -19025.0 
78.0 -16995.0 
73.0 -16335.0 
138.0 -23410.0 
81.0 -17370.0 
68.0 -15595.0 
116.0 -21280.0 
113.0 -21000.0 
108.0 -20460.0 
144.0 -23950.0 
93.0 -18815.0 
69.0 -15770.0 
108.0 -20460.0 
150.0 -24485.0 
125.0 -22210.0 
67.0 -15555.0 
157.0 -25095.0 
102.0 -19805.0 
106.0 -20260.0 
55.0 -13885.0 
121.0 -21865.0 
49.0 -13020.0 
100.0 -19595.0 
121.0 -21865.0 
125.0 -22210.0 
169.0 -26105.0 
84.0 -17775.0 
99.0 -19480.0 
153.0 -24750.0 
137.0 -23340.0 
110.0 -20670.0 
157.0 -25095.0 
137.0 -23340.0 
61.0 -14735.0 
84.0 -17775.0 
93.0 -18815.0 
58.0 -14290.0 
129.0 -22610.0 
76.0 -16740.0 
89.0 -18360.0 
64.0 -15140.0 
61.0 -14735.0 
150.0 -24485.0 
129.0 -22610.0 
161.0 -25430.0 
88.0 -18230.0 
73.0 -16335.0 
45.0 -12400.0 
52.0 -13425.0 
70.0 -15960.0 
146.0 -24140.0 
174.0 -26520.0 
42.0 -11985.0 
165.0 -25775.0 
81.0 -17370.0 
96.0 -19140.0 
133.0 -22955.0 
165.0 -25775.0 
113.0 -21000.0 
67.0 -15555.0 
49.0 -13020.0 
117.0 -21410.0 
42.0 -11985.0 
141.0 -23685.0 
78.0 -16995.0 
114.0 -21125.0 
104.0 -20005.0 
91.0 -18555.0 
79.0 -17045.0 
44.0 -12230.0 
142.0 -23755.0 
57.0 -14115.0 
101.0 -19680.0 
43.0 -12045.0 
59.0 -14340.0 
54.0 -13700.0 
146.0 -24140.0 
53.0 -13485.0 
56.0 -13900.0 
61.0 -14735.0 
81.0 -17370.0 
108.0 -20460.0 
67.0 -15555.0 
49.0 -13020.0 
125.0 -22210.0 
47.0 -12665.0 
63.0 -14935.0 
108.0 -20460.0 
89.0 -18360.0 
51.0 -13265.0 
61.0 -14735.0 
153.0 -24750.0 
125.0 -22210.0 
82.0 -17450.0 
133.0 -22955.0 
146.0 -24140.0 
45.0 -12400.0 
72.0 -16175.0 
93.0 -18815.0 
91.0 -18555.0 
47.0 -12665.0 
47.0 -12665.0 
93.0 -18815.0 
121.0 -21865.0 
128.0 -22475.0 
157.0 -25095.0 
169.0 -26105.0 
163.0 -25565.0 
84.0 -17775.0 
160.0 -25305.0 
100.0 -19595.0 
93.0 -18815.0 
113.0 -21000.0 
166.0 -25840.0 
91.0 -18555.0 
155.0 -24885.0 
175.0 -26585.0 
125.0 -22210.0 
172.0 -26310.0 
103.0 -19890.0 
111.0 -20745.0 
89.0 -18360.0 
147.0 -24155.0 
87.0 -18035.0 
144.0 -23950.0 
115.0 -21200.0 
141.0 -23685.0 
60.0 -14520.0 
82.0 -17450.0 
98.0 -19305.0 
78.0 -16995.0 
80.0 -17195.0 
106.0 -20260.0 
150.0 -24485.0 
138.0 -23410.0 
76.0 -16740.0 
44.0 -12230.0 
48.0 -12850.0 
108.0 -20460.0 
74.0 -16415.0 
71.0 -16010.0 
150.0 -24485.0 
146.0 -24140.0 
137.0 -23340.0 
137.0 -23340.0 
114.0 -21125.0 
61.0 -14735.0 
133.0 -22955.0 
125.0 -22210.0 
174.0 -26520.0 
125.0 -22210.0 
100.0 -19595.0 
110.0 -20670.0 
93.0 -18815.0 
93.0 -18815.0 
165.0 -25775.0 
121.0 -21865.0 
153.0 -24750.0 
58.0 -14290.0 
88.0 -18230.0 
64.0 -15140.0 
121.0 -21865.0 
84.0 -17775.0 
161.0 -25430.0 
76.0 -16740.0 
84.0 -17775.0 
73.0 -16335.0 
106.0 -20260.0 
45.0 -12400.0 
106.0 -20260.0 
144.0 -23950.0 
157.0 -25095.0 
99.0 -19480.0 
70.0 -15960.0 
89.0 -18360.0 
114.0 -21125.0 
157.0 -25095.0 
96.0 -19140.0 
81.0 -17370.0 
165.0 -25775.0 
49.0 -13020.0 
52.0 -13425.0 
102.0 -19805.0 
174.0 -26520.0 
78.0 -16995.0 
129.0 -22610.0 
169.0 -26105.0 
67.0 -15555.0 
42.0 -11985.0 
61.0 -14735.0 
49.0 -13020.0 
141.0 -23685.0 
146.0 -24140.0 
129.0 -22610.0 
70.0 -15960.0 
117.0 -21410.0 
55.0 -13885.0 
78.0 -16995.0 
116.0 -21280.0 
169.0 -26105.0 
113.0 -21000.0 
87.0 -18035.0 
70.0 -15960.0 
99.0 -19480.0 
50.0 -13080.0 
59.0 -14340.0 
136.0 -23220.0 
121.0 -21865.0 
145.0 -24020.0 
167.0 -25910.0 
106.0 -20260.0 
67.0 -15555.0 
42.0 -11985.0 
94.0 -18895.0 
57.0 -14115.0 
53.0 -13485.0 
44.0 -12230.0 
48.0 -12850.0 
129.0 -22610.0 
54.0 -13700.0 
89.0 -18360.0 
149.0 -24365.0 
47.0 -12665.0 
84.0 -17775.0 
44.0 -12230.0 
50.0 -13080.0 
75.0 -16590.0 
67.0 -15555.0 
88.0 -18230.0 
121.0 -21865.0 
112.0 -20825.0 
84.0 -17775.0 
60.0 -14520.0 
53.0 -13485.0 
93.0 -18815.0 
127.0 -22300.0 
165.0 -25775.0 
167.0 -25910.0 
171.0 -26240.0 
82.0 -17450.0 
116.0 -21280.0 
116.0 -21280.0 
171.0 -26240.0 
145.0 -24020.0 
145.0 -24020.0 
165.0 -25775.0 
99.0 -19480.0 
114.0 -21125.0 
117.0 -21410.0 
105.0 -20085.0 
76.0 -16740.0 
93.0 -18815.0 
63.0 -14935.0 
47.0 -12665.0 
79.0 -17045.0 
154.0 -24820.0 
49.0 -13020.0 
151.0 -24500.0 
108.0 -20460.0 
148.0 -24295.0 
145.0 -24020.0 
128.0 -22475.0 
157.0 -25095.0 
111.0 -20745.0 
88.0 -18230.0 
140.0 -23565.0 
60.0 -14520.0 
142.0 -23755.0 
96.0 -19140.0 
82.0 -17450.0 
91.0 -18555.0 
85.0 -17825.0 
160.0 -25305.0 
125.0 -22210.0 
120.0 -21625.0 
74.0 -16415.0 
43.0 -12045.0 
69.0 -15770.0 
72.0 -16175.0 
174.0 -26520.0 
134.0 -23010.0 
45.0 -12400.0 
54.0 -13700.0 
57.0 -14115.0 
161.0 -25430.0 
84.0 -17775.0 
42.0 -11985.0 
55.0 -13885.0 
165.0 -25775.0 
64.0 -15140.0 
157.0 -25095.0 
61.0 -14735.0 
174.0 -26520.0 
117.0 -21410.0 
146.0 -24140.0 
129.0 -22610.0 
78.0 -16995.0 
174.0 -26520.0 
114.0 -21125.0 
153.0 -24750.0 
76.0 -16740.0 
121.0 -21865.0 
137.0 -23340.0 
99.0 -19480.0 
141.0 -23685.0 
55.0 -13885.0 
93.0 -18815.0 
108.0 -20460.0 
49.0 -13020.0 
129.0 -22610.0 
88.0 -18230.0 
70.0 -15960.0 
165.0 -25775.0 
81.0 -17370.0 
100.0 -19595.0 
141.0 -23685.0 
146.0 -24140.0 
42.0 -11985.0 
61.0 -14735.0 
121.0 -21865.0 
114.0 -21125.0 
133.0 -22955.0 
102.0 -19805.0 
70.0 -15960.0 
125.0 -22210.0 
76.0 -16740.0 
157.0 -25095.0 
58.0 -14290.0 
93.0 -18815.0 
106.0 -20260.0 
73.0 -16335.0 
150.0 -24485.0 
52.0 -13425.0 
110.0 -20670.0 
169.0 -26105.0 
45.0 -12400.0 
96.0 -19140.0 
67.0 -15555.0 
84.0 -17775.0 
89.0 -18360.0 
137.0 -23340.0 
49.0 -13020.0 
72.0 -16175.0 
82.0 -17450.0 
118.0 -21470.0 
116.0 -21280.0 
78.0 -16995.0 
64.0 -15140.0 
163.0 -25565.0 
85.0 -17825.0 
48.0 -12850.0 
42.0 -11985.0 
129.0 -22610.0 
61.0 -14735.0 
68.0 -15595.0 
70.0 -15960.0 
74.0 -16415.0 
121.0 -21865.0 
136.0 -23220.0 
54.0 -13700.0 
53.0 -13485.0 
46.0 -12480.0 
100.0 -19595.0 
94.0 -18895.0 
99.0 -19480.0 
113.0 -21000.0 
87.0 -18035.0 
108.0 -20460.0 
60.0 -14520.0 
70.0 -15960.0 
121.0 -21865.0 
74.0 -16415.0 
43.0 -12045.0 
146.0 -24140.0 
63.0 -14935.0 
82.0 -17450.0 
82.0 -17450.0 
174.0 -26520.0 
169.0 -26105.0 
166.0 -25840.0 
114.0 -21125.0 
117.0 -21410.0 
160.0 -25305.0 
163.0 -25565.0 
79.0 -17045.0 
127.0 -22300.0 
172.0 -26310.0 
106.0 -20260.0 
44.0 -12230.0 
124.0 -22025.0 
112.0 -20825.0 
133.0 -22955.0 
130.0 -22665.0 
109.0 -20545.0 
84.0 -17775.0 
87.0 -18035.0 
93.0 -18815.0 
47.0 -12665.0 
53.0 -13485.0 
145.0 -24020.0 
56.0 -13900.0 
157.0 -25095.0 
96.0 -19140.0 
75.0 -16590.0 
77.0 -16760.0 
140.0 -23565.0 
101.0 -19680.0 
155.0 -24885.0 
59.0 -14340.0 
71.0 -16010.0 
69.0 -15770.0 
50.0 -13080.0 
121.0 -21865.0 
136.0 -23220.0 
82.0 -17450.0 
125.0 -22210.0 
45.0 -12400.0 
93.0 -18815.0 
106.0 -20260.0 
125.0 -22210.0 
129.0 -22610.0 
88.0 -18230.0 
169.0 -26105.0 
137.0 -23340.0 
96.0 -19140.0 
73.0 -16335.0 
165.0 -25775.0 
84.0 -17775.0 
55.0 -13885.0 
84.0 -17775.0 
133.0 -22955.0 
89.0 -18360.0 
121.0 -21865.0 
148.0 -24295.0 
137.0 -23340.0 
110.0 -20670.0 
55.0 -13885.0 
49.0 -13020.0 
121.0 -21865.0 
76.0 -16740.0 
49.0 -13020.0 
165.0 -25775.0 
102.0 -19805.0 
141.0 -23685.0 
42.0 -11985.0 
42.0 -11985.0 
150.0 -24485.0 
157.0 -25095.0 
157.0 -25095.0 
99.0 -19480.0 
100.0 -19595.0 
61.0 -14735.0 
146.0 -24140.0 
67.0 -15555.0 
144.0 -23950.0 
117.0 -21410.0 
153.0 -24750.0 
64.0 -15140.0 
113.0 -21000.0 
174.0 -26520.0 
114.0 -21125.0 
129.0 -22610.0 
78.0 -16995.0 
170.0 -26175.0 
70.0 -15960.0 
61.0 -14735.0 
58.0 -14290.0 
93.0 -18815.0 
108.0 -20460.0 
161.0 -25430.0 
70.0 -15960.0 
81.0 -17370.0 
52.0 -13425.0 
121.0 -21865.0 
64.0 -15140.0 
96.0 -19140.0 
75.0 -16590.0 
69.0 -15770.0 
82.0 -17450.0 
47.0 -12665.0 
166.0 -25840.0 
145.0 -24020.0 
49.0 -13020.0 
60.0 -14520.0 
133.0 -22955.0 
99.0 -19480.0 
79.0 -17045.0 
91.0 -18555.0 
93.0 -18815.0 
56.0 -13900.0 
54.0 -13700.0 
107.0 -20345.0 
57.0 -14115.0 
53.0 -13485.0 
70.0 -15960.0 
120.0 -21625.0 
125.0 -22210.0 
174.0 -26520.0 
108.0 -20460.0 
158.0 -25165.0 
47.0 -12665.0 
97.0 -19225.0 
134.0 -23010.0 
55.0 -13885.0 
43.0 -12045.0 
84.0 -17775.0 
150.0 -24485.0 
83.0 -17580.0 
138.0 -23410.0 
141.0 -23685.0 
165.0 -25775.0 
111.0 -20745.0 
99.0 -19480.0 
168.0 -25975.0 
65.0 -15190.0 
124.0 -22025.0 
144.0 -23950.0 
147.0 -24155.0 
136.0 -23220.0 
171.0 -26240.0 
121.0 -21865.0 
119.0 -21545.0 
130.0 -22665.0 
113.0 -21000.0 
70.0 -15960.0 
60.0 -14520.0 
116.0 -21280.0 
133.0 -22955.0 
150.0 -24485.0 
108.0 -20460.0 
73.0 -16335.0 
67.0 -15555.0 
174.0 -26520.0 
79.0 -17045.0 
156.0 -24975.0 
127.0 -22300.0 
76.0 -16740.0 
153.0 -24750.0 
93.0 -18815.0 
162.0 -25495.0 
159.0 -25230.0 
88.0 -18230.0 
85.0 -17825.0 
82.0 -17450.0 
44.0 -12230.0 
47.0 -12665.0 
50.0 -13080.0 
91.0 -18555.0 
96.0 -19140.0 
53.0 -13485.0 
56.0 -13900.0 
117.0 -21410.0 
75.0 -16590.0 
93.0 -18815.0 
70.0 -15960.0 
76.0 -16740.0 
49.0 -13020.0 
52.0 -13425.0 
114.0 -21125.0 
81.0 -17370.0 
99.0 -19480.0 
49.0 -13020.0 
55.0 -13885.0 
114.0 -21125.0 
73.0 -16335.0 
137.0 -23340.0 
150.0 -24485.0 
137.0 -23340.0 
106.0 -20260.0 
67.0 -15555.0 
121.0 -21865.0 
78.0 -16995.0 
89.0 -18360.0 
150.0 -24485.0 
55.0 -13885.0 
84.0 -17775.0 
88.0 -18230.0 
42.0 -11985.0 
158.0 -25165.0 
67.0 -15555.0 
141.0 -23685.0 
174.0 -26520.0 
42.0 -11985.0 
165.0 -25775.0 
157.0 -25095.0 
110.0 -20670.0 
108.0 -20460.0 
174.0 -26520.0 
61.0 -14735.0 
96.0 -19140.0 
58.0 -14290.0 
102.0 -19805.0 
129.0 -22610.0 
125.0 -22210.0 
144.0 -23950.0 
129.0 -22610.0 
161.0 -25430.0 
84.0 -17775.0 
93.0 -18815.0 
165.0 -25775.0 
146.0 -24140.0 
153.0 -24750.0 
45.0 -12400.0 
133.0 -22955.0 
169.0 -26105.0 
121.0 -21865.0 
121.0 -21865.0 
64.0 -15140.0 
100.0 -19595.0 
54.0 -13700.0 
53.0 -13485.0 
149.0 -24365.0 
167.0 -25910.0 
159.0 -25230.0 
64.0 -15140.0 
163.0 -25565.0 
124.0 -22025.0 
152.0 -24630.0 
114.0 -21125.0 
78.0 -16995.0 
43.0 -12045.0 
133.0 -22955.0 
100.0 -19595.0 
145.0 -24020.0 
140.0 -23565.0 
44.0 -12230.0 
75.0 -16590.0 
82.0 -17450.0 
85.0 -17825.0 
51.0 -13265.0 
116.0 -21280.0 
93.0 -18815.0 
101.0 -19680.0 
162.0 -25495.0 
121.0 -21865.0 
130.0 -22665.0 
154.0 -24820.0 
125.0 -22210.0 
158.0 -25165.0 
142.0 -23755.0 
120.0 -21625.0 
156.0 -24975.0 
165.0 -25775.0 
117.0 -21410.0 
49.0 -13020.0 
112.0 -20825.0 
114.0 -21125.0 
147.0 -24155.0 
159.0 -25230.0 
47.0 -12665.0 
162.0 -25495.0 
174.0 -26520.0 
144.0 -23950.0 
60.0 -14520.0 
57.0 -14115.0 
45.0 -12400.0 
150.0 -24485.0 
153.0 -24750.0 
84.0 -17775.0 
99.0 -19480.0 
106.0 -20260.0 
70.0 -15960.0 
68.0 -15595.0 
76.0 -16740.0 
79.0 -17045.0 
73.0 -16335.0 
93.0 -18815.0 
138.0 -23410.0 
168.0 -25975.0 
171.0 -26240.0 
141.0 -23685.0 
129.0 -22610.0 
90.0 -18440.0 
133.0 -22955.0 
101.0 -19680.0 
136.0 -23220.0 
43.0 -12045.0 
51.0 -13265.0 
53.0 -13485.0 
82.0 -17450.0 
121.0 -21865.0 
113.0 -21000.0 
49.0 -13020.0 
146.0 -24140.0 
99.0 -19480.0 
61.0 -14735.0 
100.0 -19595.0 
165.0 -25775.0 
144.0 -23950.0 
67.0 -15555.0 
157.0 -25095.0 
169.0 -26105.0 
141.0 -23685.0 
52.0 -13425.0 
45.0 -12400.0 
42.0 -11985.0 
129.0 -22610.0 
137.0 -23340.0 
76.0 -16740.0 
174.0 -26520.0 
84.0 -17775.0 
93.0 -18815.0 
125.0 -22210.0 
165.0 -25775.0 
88.0 -18230.0 
137.0 -23340.0 
146.0 -24140.0 
61.0 -14735.0 
133.0 -22955.0 
174.0 -26520.0 
55.0 -13885.0 
42.0 -11985.0 
129.0 -22610.0 
64.0 -15140.0 
150.0 -24485.0 
153.0 -24750.0 
117.0 -21410.0 
89.0 -18360.0 
114.0 -21125.0 
49.0 -13020.0 
96.0 -19140.0 
102.0 -19805.0 
76.0 -16740.0 
67.0 -15555.0 
106.0 -20260.0 
84.0 -17775.0 
78.0 -16995.0 
110.0 -20670.0 
93.0 -18815.0 
108.0 -20460.0 
121.0 -21865.0 
70.0 -15960.0 
121.0 -21865.0 
161.0 -25430.0 
81.0 -17370.0 
58.0 -14290.0 
73.0 -16335.0 
157.0 -25095.0 
69.0 -15770.0 
47.0 -12665.0 
44.0 -12230.0 
80.0 -17195.0 
42.0 -11985.0 
137.0 -23340.0 
66.0 -15340.0 
84.0 -17775.0 
107.0 -20345.0 
141.0 -23685.0 
87.0 -18035.0 
121.0 -21865.0 
82.0 -17450.0 
169.0 -26105.0 
88.0 -18230.0 
90.0 -18440.0 
148.0 -24295.0 
157.0 -25095.0 
52.0 -13425.0 
112.0 -20825.0 
71.0 -16010.0 
165.0 -25775.0 
93.0 -18815.0 
50.0 -13080.0 
56.0 -13900.0 
67.0 -15555.0 
57.0 -14115.0 
54.0 -13700.0 
60.0 -14520.0 
75.0 -16590.0 
79.0 -17045.0 
54.0 -13700.0 
48.0 -12850.0 
60.0 -14520.0 
85.0 -17825.0 
149.0 -24365.0 
137.0 -23340.0 
82.0 -17450.0 
89.0 -18360.0 
44.0 -12230.0 
113.0 -21000.0 
93.0 -18815.0 
113.0 -21000.0 
125.0 -22210.0 
146.0 -24140.0 
160.0 -25305.0 
157.0 -25095.0 
46.0 -12480.0 
173.0 -26405.0 
76.0 -16740.0 
149.0 -24365.0 
48.0 -12850.0 
99.0 -19480.0 
155.0 -24885.0 
138.0 -23410.0 
44.0 -12230.0 
163.0 -25565.0 
105.0 -20085.0 
51.0 -13265.0 
141.0 -23685.0 
79.0 -17045.0 
102.0 -19805.0 
60.0 -14520.0 
57.0 -14115.0 
82.0 -17450.0 
170.0 -26175.0 
42.0 -11985.0 
133.0 -22955.0 
54.0 -13700.0 
165.0 -25775.0 
93.0 -18815.0 
88.0 -18230.0 
85.0 -17825.0 
91.0 -18555.0 
74.0 -16415.0 
69.0 -15770.0 
120.0 -21625.0 
130.0 -22665.0 
168.0 -25975.0 
96.0 -19140.0 
71.0 -16010.0 
146.0 -24140.0 
70.0 -15960.0 
161.0 -25430.0 
70.0 -15960.0 
121.0 -21865.0 
137.0 -23340.0 
125.0 -22210.0 
174.0 -26520.0 
42.0 -11985.0 
55.0 -13885.0 
84.0 -17775.0 
52.0 -13425.0 
81.0 -17370.0 
106.0 -20260.0 
99.0 -19480.0 
117.0 -21410.0 
76.0 -16740.0 
169.0 -26105.0 
55.0 -13885.0 
64.0 -15140.0 
96.0 -19140.0 
137.0 -23340.0 
146.0 -24140.0 
157.0 -25095.0 
165.0 -25775.0 
49.0 -13020.0 
45.0 -12400.0 
113.0 -21000.0 
100.0 -19595.0 
129.0 -22610.0 
121.0 -21865.0 
150.0 -24485.0 
174.0 -26520.0 
88.0 -18230.0 
153.0 -24750.0 
129.0 -22610.0 
144.0 -23950.0 
67.0 -15555.0 
58.0 -14290.0 
106.0 -20260.0 
153.0 -24750.0 
64.0 -15140.0 
42.0 -11985.0 
110.0 -20670.0 
133.0 -22955.0 
93.0 -18815.0 
93.0 -18815.0 
84.0 -17775.0 
78.0 -16995.0 
114.0 -21125.0 
89.0 -18360.0 
49.0 -13020.0 
61.0 -14735.0 
102.0 -19805.0 
161.0 -25430.0 
121.0 -21865.0 
141.0 -23685.0 
73.0 -16335.0 
169.0 -26105.0 
167.0 -25910.0 
57.0 -14115.0 
153.0 -24750.0 
112.0 -20825.0 
85.0 -17825.0 
83.0 -17580.0 
95.0 -19025.0 
146.0 -24140.0 
89.0 -18360.0 
78.0 -16995.0 
93.0 -18815.0 
162.0 -25495.0 
106.0 -20260.0 
114.0 -21125.0 
81.0 -17370.0 
49.0 -13020.0 
69.0 -15770.0 
47.0 -12665.0 
149.0 -24365.0 
87.0 -18035.0 
56.0 -13900.0 
54.0 -13700.0 
100.0 -19595.0 
66.0 -15340.0 
64.0 -15140.0 
63.0 -14935.0 
67.0 -15555.0 
53.0 -13485.0 
60.0 -14520.0 
61.0 -14735.0 
