19.0 -7890.0 
1.0 -910.0 
32.0 -10410.0 
4.0 -2655.0 
2.0 -1620.0 
24.0 -9000.0 
35.0 -10950.0 
28.0 -9790.0 
39.0 -11445.0 
23.0 -8680.0 
20.0 -8055.0 
5.0 -3285.0 
16.0 -7065.0 
3.0 -2250.0 
1.0 -910.0 
18.0 -7585.0 
37.0 -11195.0 
2.0 -1620.0 
21.0 -8410.0 
4.0 -2655.0 
31.0 -10330.0 
7.0 -4040.0 
6.0 -3675.0 
26.0 -9270.0 
15.0 -6710.0 
10.0 -5175.0 
24.0 -9000.0 
19.0 -7890.0 
35.0 -10950.0 
11.0 -5530.0 
21.0 -8410.0 
35.0 -10950.0 
31.0 -10330.0 
16.0 -7065.0 
19.0 -7890.0 
21.0 -8410.0 
8.0 -4430.0 
28.0 -9790.0 
31.0 -10330.0 
25.0 -9200.0 
14.0 -6460.0 
38.0 -11365.0 
6.0 -3675.0 
28.0 -9790.0 
3.0 -2250.0 
31.0 -10330.0 
41.0 -11815.0 
18.0 -7585.0 
19.0 -7890.0 
5.0 -3285.0 
34.0 -10735.0 
23.0 -8680.0 
21.0 -8410.0 
24.0 -9000.0 
35.0 -10950.0 
7.0 -4040.0 
6.0 -3675.0 
8.0 -4430.0 
9.0 -4785.0 
10.0 -5175.0 
17.0 -7285.0 
14.0 -6460.0 
11.0 -5530.0 
16.0 -7065.0 
13.0 -6135.0 
12.0 -5780.0 
15.0 -6710.0 
21.0 -8410.0 
2.0 -1620.0 
7.0 -4040.0 
35.0 -10950.0 
1.0 -910.0 
3.0 -2250.0 
3.0 -2250.0 
1.0 -910.0 
27.0 -9540.0 
1.0 -910.0 
2.0 -1620.0 
3.0 -2250.0 
5.0 -3285.0 
17.0 -7285.0 
21.0 -8410.0 
25.0 -9200.0 
37.0 -11195.0 
4.0 -2655.0 
10.0 -5175.0 
40.0 -11600.0 
11.0 -5530.0 
8.0 -4430.0 
14.0 -6460.0 
21.0 -8410.0 
28.0 -9790.0 
25.0 -9200.0 
31.0 -10330.0 
35.0 -10950.0 
31.0 -10330.0 
19.0 -7890.0 
25.0 -9200.0 
35.0 -10950.0 
16.0 -7065.0 
38.0 -11365.0 
14.0 -6460.0 
11.0 -5530.0 
21.0 -8410.0 
35.0 -10950.0 
31.0 -10330.0 
40.0 -11600.0 
34.0 -10735.0 
20.0 -8055.0 
2.0 -1620.0 
4.0 -2655.0 
12.0 -5780.0 
16.0 -7065.0 
11.0 -5530.0 
18.0 -7585.0 
13.0 -6135.0 
15.0 -6710.0 
14.0 -6460.0 
17.0 -7285.0 
3.0 -2250.0 
6.0 -3675.0 
5.0 -3285.0 
8.0 -4430.0 
10.0 -5175.0 
7.0 -4040.0 
9.0 -4785.0 
21.0 -8410.0 
23.0 -8680.0 
3.0 -2250.0 
16.0 -7065.0 
2.0 -1620.0 
24.0 -9000.0 
11.0 -5530.0 
35.0 -10950.0 
31.0 -10330.0 
1.0 -910.0 
9.0 -4785.0 
1.0 -910.0 
13.0 -6135.0 
2.0 -1620.0 
21.0 -8410.0 
1.0 -910.0 
3.0 -2250.0 
4.0 -2655.0 
34.0 -10735.0 
31.0 -10330.0 
27.0 -9540.0 
5.0 -3285.0 
37.0 -11195.0 
6.0 -3675.0 
7.0 -4040.0 
19.0 -7890.0 
29.0 -9820.0 
24.0 -9000.0 
8.0 -4430.0 
16.0 -7065.0 
18.0 -7585.0 
35.0 -10950.0 
18.0 -7585.0 
35.0 -10950.0 
31.0 -10330.0 
21.0 -8410.0 
31.0 -10330.0 
28.0 -9790.0 
14.0 -6460.0 
25.0 -9200.0 
11.0 -5530.0 
18.0 -7585.0 
38.0 -11365.0 
9.0 -4785.0 
21.0 -8410.0 
29.0 -9820.0 
20.0 -8055.0 
37.0 -11195.0 
41.0 -11815.0 
35.0 -10950.0 
34.0 -10735.0 
31.0 -10330.0 
18.0 -7585.0 
4.0 -2655.0 
7.0 -4040.0 
5.0 -3285.0 
40.0 -11600.0 
6.0 -3675.0 
8.0 -4430.0 
10.0 -5175.0 
9.0 -4785.0 
12.0 -5780.0 
13.0 -6135.0 
11.0 -5530.0 
16.0 -7065.0 
17.0 -7285.0 
14.0 -6460.0 
15.0 -6710.0 
24.0 -9000.0 
23.0 -8680.0 
21.0 -8410.0 
6.0 -3675.0 
3.0 -2250.0 
2.0 -1620.0 
30.0 -9975.0 
22.0 -8480.0 
15.0 -6710.0 
24.0 -9000.0 
35.0 -10950.0 
1.0 -910.0 
31.0 -10330.0 
1.0 -910.0 
31.0 -10330.0 
2.0 -1620.0 
6.0 -3675.0 
1.0 -910.0 
3.0 -2250.0 
37.0 -11195.0 
34.0 -10735.0 
24.0 -9000.0 
4.0 -2655.0 
29.0 -9820.0 
5.0 -3285.0 
22.0 -8480.0 
9.0 -4785.0 
27.0 -9540.0 
20.0 -8055.0 
8.0 -4430.0 
35.0 -10950.0 
25.0 -9200.0 
38.0 -11365.0 
31.0 -10330.0 
25.0 -9200.0 
21.0 -8410.0 
35.0 -10950.0 
28.0 -9790.0 
11.0 -5530.0 
19.0 -7890.0 
14.0 -6460.0 
16.0 -7065.0 
31.0 -10330.0 
12.0 -5780.0 
19.0 -7890.0 
16.0 -7065.0 
31.0 -10330.0 
40.0 -11600.0 
35.0 -10950.0 
37.0 -11195.0 
34.0 -10735.0 
24.0 -9000.0 
3.0 -2250.0 
5.0 -3285.0 
6.0 -3675.0 
23.0 -8680.0 
11.0 -5530.0 
21.0 -8410.0 
8.0 -4430.0 
10.0 -5175.0 
7.0 -4040.0 
9.0 -4785.0 
2.0 -1620.0 
17.0 -7285.0 
9.0 -4785.0 
19.0 -7890.0 
38.0 -11365.0 
24.0 -9000.0 
6.0 -3675.0 
26.0 -9270.0 
31.0 -10330.0 
1.0 -910.0 
21.0 -8410.0 
1.0 -910.0 
21.0 -8410.0 
2.0 -1620.0 
1.0 -910.0 
3.0 -2250.0 
21.0 -8410.0 
5.0 -3285.0 
31.0 -10330.0 
28.0 -9790.0 
7.0 -4040.0 
4.0 -2655.0 
20.0 -8055.0 
37.0 -11195.0 
34.0 -10735.0 
26.0 -9270.0 
17.0 -7285.0 
18.0 -7585.0 
38.0 -11365.0 
19.0 -7890.0 
11.0 -5530.0 
25.0 -9200.0 
38.0 -11365.0 
21.0 -8410.0 
31.0 -10330.0 
6.0 -3675.0 
31.0 -10330.0 
35.0 -10950.0 
28.0 -9790.0 
14.0 -6460.0 
16.0 -7065.0 
38.0 -11365.0 
28.0 -9790.0 
21.0 -8410.0 
26.0 -9270.0 
24.0 -9000.0 
40.0 -11600.0 
18.0 -7585.0 
19.0 -7890.0 
34.0 -10735.0 
31.0 -10330.0 
6.0 -3675.0 
8.0 -4430.0 
9.0 -4785.0 
10.0 -5175.0 
12.0 -5780.0 
15.0 -6710.0 
16.0 -7065.0 
17.0 -7285.0 
14.0 -6460.0 
13.0 -6135.0 
11.0 -5530.0 
1.0 -910.0 
13.0 -6135.0 
2.0 -1620.0 
5.0 -3285.0 
24.0 -9000.0 
11.0 -5530.0 
9.0 -4785.0 
3.0 -2250.0 
35.0 -10950.0 
26.0 -9270.0 
21.0 -8410.0 
3.0 -2250.0 
35.0 -10950.0 
21.0 -8410.0 
31.0 -10330.0 
5.0 -3285.0 
3.0 -2250.0 
2.0 -1620.0 
1.0 -910.0 
6.0 -3675.0 
39.0 -11445.0 
7.0 -4040.0 
37.0 -11195.0 
18.0 -7585.0 
20.0 -8055.0 
24.0 -9000.0 
29.0 -9820.0 
22.0 -8480.0 
4.0 -2655.0 
34.0 -10735.0 
27.0 -9540.0 
41.0 -11815.0 
8.0 -4430.0 
21.0 -8410.0 
35.0 -10950.0 
35.0 -10950.0 
28.0 -9790.0 
19.0 -7890.0 
13.0 -6135.0 
16.0 -7065.0 
21.0 -8410.0 
38.0 -11365.0 
31.0 -10330.0 
25.0 -9200.0 
24.0 -9000.0 
26.0 -9270.0 
24.0 -9000.0 
27.0 -9540.0 
40.0 -11600.0 
2.0 -1620.0 
4.0 -2655.0 
3.0 -2250.0 
6.0 -3675.0 
23.0 -8680.0 
21.0 -8410.0 
13.0 -6135.0 
11.0 -5530.0 
10.0 -5175.0 
8.0 -4430.0 
5.0 -3285.0 
7.0 -4040.0 
12.0 -5780.0 
9.0 -4785.0 
14.0 -6460.0 
16.0 -7065.0 
31.0 -10330.0 
17.0 -7285.0 
34.0 -10735.0 
15.0 -6710.0 
20.0 -8055.0 
2.0 -1620.0 
7.0 -4040.0 
4.0 -2655.0 
3.0 -2250.0 
24.0 -9000.0 
35.0 -10950.0 
1.0 -910.0 
5.0 -3285.0 
29.0 -9820.0 
33.0 -10430.0 
1.0 -910.0 
35.0 -10950.0 
33.0 -10430.0 
3.0 -2250.0 
2.0 -1620.0 
4.0 -2655.0 
5.0 -3285.0 
1.0 -910.0 
21.0 -8410.0 
37.0 -11195.0 
23.0 -8680.0 
34.0 -10735.0 
31.0 -10330.0 
16.0 -7065.0 
25.0 -9200.0 
18.0 -7585.0 
7.0 -4040.0 
6.0 -3675.0 
38.0 -11365.0 
35.0 -10950.0 
28.0 -9790.0 
25.0 -9200.0 
10.0 -5175.0 
16.0 -7065.0 
35.0 -10950.0 
31.0 -10330.0 
21.0 -8410.0 
21.0 -8410.0 
6.0 -3675.0 
19.0 -7890.0 
13.0 -6135.0 
31.0 -10330.0 
28.0 -9790.0 
37.0 -11195.0 
24.0 -9000.0 
26.0 -9270.0 
41.0 -11815.0 
18.0 -7585.0 
19.0 -7890.0 
1.0 -910.0 
2.0 -1620.0 
4.0 -2655.0 
5.0 -3285.0 
6.0 -3675.0 
15.0 -6710.0 
3.0 -2250.0 
10.0 -5175.0 
12.0 -5780.0 
8.0 -4430.0 
13.0 -6135.0 
14.0 -6460.0 
11.0 -5530.0 
9.0 -4785.0 
31.0 -10330.0 
7.0 -4040.0 
17.0 -7285.0 
16.0 -7065.0 
21.0 -8410.0 
23.0 -8680.0 
34.0 -10735.0 
11.0 -5530.0 
28.0 -9790.0 
4.0 -2655.0 
16.0 -7065.0 
35.0 -10950.0 
2.0 -1620.0 
38.0 -11365.0 
21.0 -8410.0 
18.0 -7585.0 
1.0 -910.0 
31.0 -10330.0 
9.0 -4785.0 
9.0 -4785.0 
31.0 -10330.0 
21.0 -8410.0 
24.0 -9000.0 
5.0 -3285.0 
18.0 -7585.0 
1.0 -910.0 
3.0 -2250.0 
5.0 -3285.0 
4.0 -2655.0 
2.0 -1620.0 
37.0 -11195.0 
1.0 -910.0 
34.0 -10735.0 
6.0 -3675.0 
21.0 -8410.0 
20.0 -8055.0 
16.0 -7065.0 
12.0 -5780.0 
35.0 -10950.0 
35.0 -10950.0 
25.0 -9200.0 
16.0 -7065.0 
38.0 -11365.0 
28.0 -9790.0 
14.0 -6460.0 
31.0 -10330.0 
31.0 -10330.0 
21.0 -8410.0 
24.0 -9000.0 
8.0 -4430.0 
19.0 -7890.0 
11.0 -5530.0 
35.0 -10950.0 
37.0 -11195.0 
25.0 -9200.0 
23.0 -8680.0 
18.0 -7585.0 
40.0 -11600.0 
19.0 -7890.0 
41.0 -11815.0 
7.0 -4040.0 
21.0 -8410.0 
31.0 -10330.0 
8.0 -4430.0 
12.0 -5780.0 
9.0 -4785.0 
13.0 -6135.0 
11.0 -5530.0 
10.0 -5175.0 
16.0 -7065.0 
17.0 -7285.0 
15.0 -6710.0 
14.0 -6460.0 
34.0 -10735.0 
38.0 -11365.0 
28.0 -9790.0 
3.0 -2250.0 
26.0 -9270.0 
32.0 -10410.0 
31.0 -10330.0 
1.0 -910.0 
35.0 -10950.0 
1.0 -910.0 
2.0 -1620.0 
35.0 -10950.0 
2.0 -1620.0 
27.0 -9540.0 
31.0 -10330.0 
2.0 -1620.0 
3.0 -2250.0 
5.0 -3285.0 
4.0 -2655.0 
34.0 -10735.0 
1.0 -910.0 
37.0 -11195.0 
21.0 -8410.0 
18.0 -7585.0 
11.0 -5530.0 
19.0 -7890.0 
35.0 -10950.0 
21.0 -8410.0 
31.0 -10330.0 
9.0 -4785.0 
31.0 -10330.0 
25.0 -9200.0 
19.0 -7890.0 
35.0 -10950.0 
14.0 -6460.0 
28.0 -9790.0 
38.0 -11365.0 
24.0 -9000.0 
16.0 -7065.0 
29.0 -9820.0 
19.0 -7890.0 
37.0 -11195.0 
41.0 -11815.0 
17.0 -7285.0 
16.0 -7065.0 
31.0 -10330.0 
18.0 -7585.0 
35.0 -10950.0 
20.0 -8055.0 
4.0 -2655.0 
34.0 -10735.0 
6.0 -3675.0 
9.0 -4785.0 
7.0 -4040.0 
5.0 -3285.0 
8.0 -4430.0 
10.0 -5175.0 
12.0 -5780.0 
11.0 -5530.0 
13.0 -6135.0 
14.0 -6460.0 
21.0 -8410.0 
23.0 -8680.0 
2.0 -1620.0 
31.0 -10330.0 
41.0 -11815.0 
28.0 -9790.0 
10.0 -5175.0 
1.0 -910.0 
24.0 -9000.0 
28.0 -9790.0 
24.0 -9000.0 
10.0 -5175.0 
8.0 -4430.0 
35.0 -10950.0 
37.0 -11195.0 
22.0 -8480.0 
1.0 -910.0 
22.0 -8480.0 
1.0 -910.0 
2.0 -1620.0 
25.0 -9200.0 
3.0 -2250.0 
23.0 -8680.0 
10.0 -5175.0 
38.0 -11365.0 
31.0 -10330.0 
41.0 -11815.0 
20.0 -8055.0 
5.0 -3285.0 
29.0 -9820.0 
7.0 -4040.0 
4.0 -2655.0 
25.0 -9200.0 
19.0 -7890.0 
35.0 -10950.0 
38.0 -11365.0 
35.0 -10950.0 
14.0 -6460.0 
31.0 -10330.0 
28.0 -9790.0 
24.0 -9000.0 
21.0 -8410.0 
9.0 -4785.0 
31.0 -10330.0 
16.0 -7065.0 
11.0 -5530.0 
2.0 -1620.0 
18.0 -7585.0 
37.0 -11195.0 
40.0 -11600.0 
35.0 -10950.0 
41.0 -11815.0 
31.0 -10330.0 
26.0 -9270.0 
24.0 -9000.0 
23.0 -8680.0 
15.0 -6710.0 
16.0 -7065.0 
17.0 -7285.0 
20.0 -8055.0 
7.0 -4040.0 
3.0 -2250.0 
5.0 -3285.0 
21.0 -8410.0 
9.0 -4785.0 
13.0 -6135.0 
12.0 -5780.0 
11.0 -5530.0 
10.0 -5175.0 
8.0 -4430.0 
6.0 -3675.0 
14.0 -6460.0 
34.0 -10735.0 
1.0 -910.0 
1.0 -910.0 
5.0 -3285.0 
24.0 -9000.0 
37.0 -11195.0 
7.0 -4040.0 
31.0 -10330.0 
17.0 -7285.0 
35.0 -10950.0 
2.0 -1620.0 
4.0 -2655.0 
33.0 -10430.0 
2.0 -1620.0 
20.0 -8055.0 
4.0 -2655.0 
22.0 -8480.0 
19.0 -7890.0 
2.0 -1620.0 
4.0 -2655.0 
5.0 -3285.0 
3.0 -2250.0 
11.0 -5530.0 
1.0 -910.0 
20.0 -8055.0 
13.0 -6135.0 
24.0 -9000.0 
31.0 -10330.0 
22.0 -8480.0 
16.0 -7065.0 
6.0 -3675.0 
18.0 -7585.0 
8.0 -4430.0 
35.0 -10950.0 
28.0 -9790.0 
21.0 -8410.0 
31.0 -10330.0 
21.0 -8410.0 
14.0 -6460.0 
16.0 -7065.0 
9.0 -4785.0 
25.0 -9200.0 
11.0 -5530.0 
35.0 -10950.0 
31.0 -10330.0 
19.0 -7890.0 
31.0 -10330.0 
38.0 -11365.0 
29.0 -9820.0 
38.0 -11365.0 
24.0 -9000.0 
25.0 -9200.0 
34.0 -10735.0 
41.0 -11815.0 
35.0 -10950.0 
1.0 -910.0 
21.0 -8410.0 
23.0 -8680.0 
18.0 -7585.0 
31.0 -10330.0 
17.0 -7285.0 
4.0 -2655.0 
2.0 -1620.0 
6.0 -3675.0 
5.0 -3285.0 
3.0 -2250.0 
16.0 -7065.0 
7.0 -4040.0 
15.0 -6710.0 
12.0 -5780.0 
8.0 -4430.0 
10.0 -5175.0 
9.0 -4785.0 
11.0 -5530.0 
14.0 -6460.0 
13.0 -6135.0 
1.0 -910.0 
1.0 -910.0 
34.0 -10735.0 
17.0 -7285.0 
21.0 -8410.0 
38.0 -11365.0 
10.0 -5175.0 
25.0 -9200.0 
24.0 -9000.0 
2.0 -1620.0 
4.0 -2655.0 
40.0 -11600.0 
2.0 -1620.0 
4.0 -2655.0 
5.0 -3285.0 
5.0 -3285.0 
5.0 -3285.0 
6.0 -3675.0 
3.0 -2250.0 
2.0 -1620.0 
1.0 -910.0 
31.0 -10330.0 
34.0 -10735.0 
39.0 -11445.0 
37.0 -11195.0 
21.0 -8410.0 
27.0 -9540.0 
4.0 -2655.0 
9.0 -4785.0 
13.0 -6135.0 
31.0 -10330.0 
38.0 -11365.0 
28.0 -9790.0 
21.0 -8410.0 
19.0 -7890.0 
31.0 -10330.0 
35.0 -10950.0 
21.0 -8410.0 
25.0 -9200.0 
31.0 -10330.0 
16.0 -7065.0 
28.0 -9790.0 
27.0 -9540.0 
37.0 -11195.0 
41.0 -11815.0 
20.0 -8055.0 
22.0 -8480.0 
40.0 -11600.0 
4.0 -2655.0 
24.0 -9000.0 
18.0 -7585.0 
16.0 -7065.0 
17.0 -7285.0 
5.0 -3285.0 
7.0 -4040.0 
9.0 -4785.0 
6.0 -3675.0 
8.0 -4430.0 
11.0 -5530.0 
12.0 -5780.0 
15.0 -6710.0 
10.0 -5175.0 
14.0 -6460.0 
13.0 -6135.0 
4.0 -2655.0 
17.0 -7285.0 
9.0 -4785.0 
14.0 -6460.0 
26.0 -9270.0 
35.0 -10950.0 
2.0 -1620.0 
34.0 -10735.0 
1.0 -910.0 
19.0 -7890.0 
2.0 -1620.0 
31.0 -10330.0 
7.0 -4040.0 
1.0 -910.0 
19.0 -7890.0 
21.0 -8410.0 
23.0 -8680.0 
31.0 -10330.0 
2.0 -1620.0 
1.0 -910.0 
19.0 -7890.0 
18.0 -7585.0 
4.0 -2655.0 
28.0 -9790.0 
3.0 -2250.0 
5.0 -3285.0 
26.0 -9270.0 
38.0 -11365.0 
16.0 -7065.0 
7.0 -4040.0 
38.0 -11365.0 
31.0 -10330.0 
5.0 -3285.0 
11.0 -5530.0 
5.0 -3285.0 
31.0 -10330.0 
35.0 -10950.0 
19.0 -7890.0 
16.0 -7065.0 
35.0 -10950.0 
21.0 -8410.0 
14.0 -6460.0 
28.0 -9790.0 
25.0 -9200.0 
21.0 -8410.0 
35.0 -10950.0 
37.0 -11195.0 
25.0 -9200.0 
41.0 -11815.0 
20.0 -8055.0 
18.0 -7585.0 
31.0 -10330.0 
24.0 -9000.0 
34.0 -10735.0 
4.0 -2655.0 
2.0 -1620.0 
23.0 -8680.0 
21.0 -8410.0 
3.0 -2250.0 
1.0 -910.0 
6.0 -3675.0 
17.0 -7285.0 
5.0 -3285.0 
15.0 -6710.0 
12.0 -5780.0 
11.0 -5530.0 
8.0 -4430.0 
13.0 -6135.0 
10.0 -5175.0 
7.0 -4040.0 
16.0 -7065.0 
14.0 -6460.0 
9.0 -4785.0 
1.0 -910.0 
1.0 -910.0 
21.0 -8410.0 
16.0 -7065.0 
24.0 -9000.0 
35.0 -10950.0 
26.0 -9270.0 
18.0 -7585.0 
2.0 -1620.0 
28.0 -9790.0 
28.0 -9790.0 
3.0 -2250.0 
2.0 -1620.0 
8.0 -4430.0 
1.0 -910.0 
5.0 -3285.0 
4.0 -2655.0 
31.0 -10330.0 
18.0 -7585.0 
20.0 -8055.0 
7.0 -4040.0 
6.0 -3675.0 
27.0 -9540.0 
13.0 -6135.0 
34.0 -10735.0 
22.0 -8480.0 
15.0 -6710.0 
16.0 -7065.0 
37.0 -11195.0 
24.0 -9000.0 
38.0 -11365.0 
25.0 -9200.0 
11.0 -5530.0 
31.0 -10330.0 
38.0 -11365.0 
21.0 -8410.0 
31.0 -10330.0 
19.0 -7890.0 
35.0 -10950.0 
16.0 -7065.0 
28.0 -9790.0 
14.0 -6460.0 
37.0 -11195.0 
40.0 -11600.0 
41.0 -11815.0 
20.0 -8055.0 
34.0 -10735.0 
26.0 -9270.0 
2.0 -1620.0 
4.0 -2655.0 
24.0 -9000.0 
31.0 -10330.0 
18.0 -7585.0 
3.0 -2250.0 
13.0 -6135.0 
16.0 -7065.0 
15.0 -6710.0 
5.0 -3285.0 
17.0 -7285.0 
14.0 -6460.0 
10.0 -5175.0 
11.0 -5530.0 
6.0 -3675.0 
12.0 -5780.0 
9.0 -4785.0 
8.0 -4430.0 
23.0 -8680.0 
7.0 -4040.0 
21.0 -8410.0 
5.0 -3285.0 
15.0 -6710.0 
3.0 -2250.0 
26.0 -9270.0 
32.0 -10410.0 
28.0 -9790.0 
22.0 -8480.0 
24.0 -9000.0 
32.0 -10410.0 
37.0 -11195.0 
3.0 -2250.0 
34.0 -10735.0 
5.0 -3285.0 
4.0 -2655.0 
2.0 -1620.0 
1.0 -910.0 
19.0 -7890.0 
31.0 -10330.0 
24.0 -9000.0 
18.0 -7585.0 
21.0 -8410.0 
13.0 -6135.0 
11.0 -5530.0 
9.0 -4785.0 
5.0 -3285.0 
31.0 -10330.0 
21.0 -8410.0 
21.0 -8410.0 
28.0 -9790.0 
14.0 -6460.0 
25.0 -9200.0 
35.0 -10950.0 
35.0 -10950.0 
5.0 -3285.0 
11.0 -5530.0 
31.0 -10330.0 
9.0 -4785.0 
16.0 -7065.0 
38.0 -11365.0 
19.0 -7890.0 
21.0 -8410.0 
24.0 -9000.0 
26.0 -9270.0 
27.0 -9540.0 
40.0 -11600.0 
31.0 -10330.0 
34.0 -10735.0 
4.0 -2655.0 
18.0 -7585.0 
19.0 -7890.0 
2.0 -1620.0 
1.0 -910.0 
7.0 -4040.0 
5.0 -3285.0 
3.0 -2250.0 
6.0 -3675.0 
9.0 -4785.0 
17.0 -7285.0 
15.0 -6710.0 
16.0 -7065.0 
8.0 -4430.0 
10.0 -5175.0 
12.0 -5780.0 
13.0 -6135.0 
11.0 -5530.0 
14.0 -6460.0 
1.0 -910.0 
1.0 -910.0 
41.0 -11815.0 
32.0 -10410.0 
24.0 -9000.0 
5.0 -3285.0 
2.0 -1620.0 
28.0 -9790.0 
2.0 -1620.0 
28.0 -9790.0 
26.0 -9270.0 
2.0 -1620.0 
21.0 -8410.0 
3.0 -2250.0 
6.0 -3675.0 
1.0 -910.0 
5.0 -3285.0 
35.0 -10950.0 
26.0 -9270.0 
31.0 -10330.0 
29.0 -9820.0 
20.0 -8055.0 
4.0 -2655.0 
7.0 -4040.0 
27.0 -9540.0 
15.0 -6710.0 
38.0 -11365.0 
28.0 -9790.0 
19.0 -7890.0 
25.0 -9200.0 
31.0 -10330.0 
31.0 -10330.0 
21.0 -8410.0 
14.0 -6460.0 
16.0 -7065.0 
5.0 -3285.0 
21.0 -8410.0 
35.0 -10950.0 
11.0 -5530.0 
35.0 -10950.0 
28.0 -9790.0 
38.0 -11365.0 
35.0 -10950.0 
37.0 -11195.0 
28.0 -9790.0 
26.0 -9270.0 
40.0 -11600.0 
21.0 -8410.0 
41.0 -11815.0 
1.0 -910.0 
23.0 -8680.0 
24.0 -9000.0 
20.0 -8055.0 
4.0 -2655.0 
31.0 -10330.0 
2.0 -1620.0 
3.0 -2250.0 
6.0 -3675.0 
8.0 -4430.0 
7.0 -4040.0 
5.0 -3285.0 
11.0 -5530.0 
14.0 -6460.0 
10.0 -5175.0 
13.0 -6135.0 
12.0 -5780.0 
15.0 -6710.0 
9.0 -4785.0 
1.0 -910.0 
1.0 -910.0 
10.0 -5175.0 
12.0 -5780.0 
35.0 -10950.0 
2.0 -1620.0 
5.0 -3285.0 
24.0 -9000.0 
8.0 -4430.0 
28.0 -9790.0 
31.0 -10330.0 
6.0 -3675.0 
38.0 -11365.0 
38.0 -11365.0 
22.0 -8480.0 
22.0 -8480.0 
3.0 -2250.0 
2.0 -1620.0 
1.0 -910.0 
4.0 -2655.0 
5.0 -3285.0 
3.0 -2250.0 
41.0 -11815.0 
34.0 -10735.0 
30.0 -9975.0 
26.0 -9270.0 
15.0 -6710.0 
21.0 -8410.0 
28.0 -9790.0 
24.0 -9000.0 
37.0 -11195.0 
6.0 -3675.0 
12.0 -5780.0 
17.0 -7285.0 
20.0 -8055.0 
5.0 -3285.0 
31.0 -10330.0 
11.0 -5530.0 
38.0 -11365.0 
24.0 -9000.0 
16.0 -7065.0 
5.0 -3285.0 
19.0 -7890.0 
21.0 -8410.0 
7.0 -4040.0 
11.0 -5530.0 
35.0 -10950.0 
28.0 -9790.0 
31.0 -10330.0 
31.0 -10330.0 
25.0 -9200.0 
14.0 -6460.0 
38.0 -11365.0 
34.0 -10735.0 
35.0 -10950.0 
28.0 -9790.0 
26.0 -9270.0 
24.0 -9000.0 
2.0 -1620.0 
18.0 -7585.0 
6.0 -3675.0 
31.0 -10330.0 
21.0 -8410.0 
23.0 -8680.0 
3.0 -2250.0 
15.0 -6710.0 
7.0 -4040.0 
16.0 -7065.0 
5.0 -3285.0 
10.0 -5175.0 
11.0 -5530.0 
17.0 -7285.0 
14.0 -6460.0 
12.0 -5780.0 
13.0 -6135.0 
9.0 -4785.0 
8.0 -4430.0 
5.0 -3285.0 
7.0 -4040.0 
31.0 -10330.0 
24.0 -9000.0 
22.0 -8480.0 
2.0 -1620.0 
2.0 -1620.0 
28.0 -9790.0 
27.0 -9540.0 
37.0 -11195.0 
3.0 -2250.0 
1.0 -910.0 
2.0 -1620.0 
4.0 -2655.0 
5.0 -3285.0 
34.0 -10735.0 
12.0 -5780.0 
7.0 -4040.0 
31.0 -10330.0 
9.0 -4785.0 
15.0 -6710.0 
21.0 -8410.0 
11.0 -5530.0 
25.0 -9200.0 
31.0 -10330.0 
28.0 -9790.0 
35.0 -10950.0 
31.0 -10330.0 
35.0 -10950.0 
25.0 -9200.0 
38.0 -11365.0 
16.0 -7065.0 
21.0 -8410.0 
19.0 -7890.0 
14.0 -6460.0 
19.0 -7890.0 
40.0 -11600.0 
21.0 -8410.0 
26.0 -9270.0 
27.0 -9540.0 
18.0 -7585.0 
35.0 -10950.0 
24.0 -9000.0 
3.0 -2250.0 
2.0 -1620.0 
31.0 -10330.0 
4.0 -2655.0 
5.0 -3285.0 
6.0 -3675.0 
7.0 -4040.0 
8.0 -4430.0 
13.0 -6135.0 
11.0 -5530.0 
10.0 -5175.0 
16.0 -7065.0 
12.0 -5780.0 
15.0 -6710.0 
9.0 -4785.0 
14.0 -6460.0 
17.0 -7285.0 
33.0 -10430.0 
16.0 -7065.0 
35.0 -10950.0 
24.0 -9000.0 
6.0 -3675.0 
1.0 -910.0 
2.0 -1620.0 
18.0 -7585.0 
2.0 -1620.0 
1.0 -910.0 
18.0 -7585.0 
14.0 -6460.0 
1.0 -910.0 
2.0 -1620.0 
3.0 -2250.0 
37.0 -11195.0 
5.0 -3285.0 
4.0 -2655.0 
20.0 -8055.0 
31.0 -10330.0 
24.0 -9000.0 
7.0 -4040.0 
6.0 -3675.0 
30.0 -9975.0 
8.0 -4430.0 
22.0 -8480.0 
35.0 -10950.0 
31.0 -10330.0 
28.0 -9790.0 
38.0 -11365.0 
14.0 -6460.0 
38.0 -11365.0 
21.0 -8410.0 
24.0 -9000.0 
16.0 -7065.0 
19.0 -7890.0 
31.0 -10330.0 
35.0 -10950.0 
25.0 -9200.0 
11.0 -5530.0 
32.0 -10410.0 
30.0 -9975.0 
35.0 -10950.0 
18.0 -7585.0 
27.0 -9540.0 
19.0 -7890.0 
26.0 -9270.0 
34.0 -10735.0 
24.0 -9000.0 
2.0 -1620.0 
3.0 -2250.0 
1.0 -910.0 
4.0 -2655.0 
7.0 -4040.0 
5.0 -3285.0 
8.0 -4430.0 
15.0 -6710.0 
12.0 -5780.0 
6.0 -3675.0 
10.0 -5175.0 
13.0 -6135.0 
14.0 -6460.0 
9.0 -4785.0 
23.0 -8680.0 
11.0 -5530.0 
21.0 -8410.0 
17.0 -7285.0 
16.0 -7065.0 
10.0 -5175.0 
27.0 -9540.0 
8.0 -4430.0 
15.0 -6710.0 
2.0 -1620.0 
7.0 -4040.0 
35.0 -10950.0 
24.0 -9000.0 
31.0 -10330.0 
5.0 -3285.0 
1.0 -910.0 
24.0 -9000.0 
1.0 -910.0 
18.0 -7585.0 
31.0 -10330.0 
2.0 -1620.0 
1.0 -910.0 
4.0 -2655.0 
5.0 -3285.0 
3.0 -2250.0 
37.0 -11195.0 
21.0 -8410.0 
7.0 -4040.0 
20.0 -8055.0 
23.0 -8680.0 
27.0 -9540.0 
25.0 -9200.0 
6.0 -3675.0 
13.0 -6135.0 
21.0 -8410.0 
14.0 -6460.0 
25.0 -9200.0 
31.0 -10330.0 
25.0 -9200.0 
38.0 -11365.0 
11.0 -5530.0 
16.0 -7065.0 
31.0 -10330.0 
35.0 -10950.0 
5.0 -3285.0 
19.0 -7890.0 
35.0 -10950.0 
21.0 -8410.0 
28.0 -9790.0 
28.0 -9790.0 
30.0 -9975.0 
38.0 -11365.0 
41.0 -11815.0 
34.0 -10735.0 
19.0 -7890.0 
1.0 -910.0 
26.0 -9270.0 
27.0 -9540.0 
24.0 -9000.0 
31.0 -10330.0 
2.0 -1620.0 
4.0 -2655.0 
3.0 -2250.0 
16.0 -7065.0 
17.0 -7285.0 
5.0 -3285.0 
7.0 -4040.0 
6.0 -3675.0 
8.0 -4430.0 
10.0 -5175.0 
12.0 -5780.0 
13.0 -6135.0 
11.0 -5530.0 
9.0 -4785.0 
14.0 -6460.0 
15.0 -6710.0 
21.0 -8410.0 
23.0 -8680.0 
41.0 -11815.0 
9.0 -4785.0 
35.0 -10950.0 
2.0 -1620.0 
27.0 -9540.0 
5.0 -3285.0 
31.0 -10330.0 
20.0 -8055.0 
33.0 -10430.0 
20.0 -8055.0 
1.0 -910.0 
3.0 -2250.0 
7.0 -4040.0 
7.0 -4040.0 
1.0 -910.0 
18.0 -7585.0 
24.0 -9000.0 
2.0 -1620.0 
3.0 -2250.0 
6.0 -3675.0 
1.0 -910.0 
4.0 -2655.0 
20.0 -8055.0 
22.0 -8480.0 
5.0 -3285.0 
35.0 -10950.0 
37.0 -11195.0 
26.0 -9270.0 
9.0 -4785.0 
28.0 -9790.0 
18.0 -7585.0 
35.0 -10950.0 
25.0 -9200.0 
13.0 -6135.0 
28.0 -9790.0 
21.0 -8410.0 
38.0 -11365.0 
35.0 -10950.0 
31.0 -10330.0 
19.0 -7890.0 
11.0 -5530.0 
16.0 -7065.0 
37.0 -11195.0 
35.0 -10950.0 
40.0 -11600.0 
28.0 -9790.0 
41.0 -11815.0 
31.0 -10330.0 
34.0 -10735.0 
26.0 -9270.0 
24.0 -9000.0 
23.0 -8680.0 
18.0 -7585.0 
19.0 -7890.0 
1.0 -910.0 
3.0 -2250.0 
7.0 -4040.0 
2.0 -1620.0 
5.0 -3285.0 
4.0 -2655.0 
17.0 -7285.0 
15.0 -6710.0 
9.0 -4785.0 
6.0 -3675.0 
13.0 -6135.0 
11.0 -5530.0 
12.0 -5780.0 
8.0 -4430.0 
16.0 -7065.0 
14.0 -6460.0 
21.0 -8410.0 
10.0 -5175.0 
5.0 -3285.0 
21.0 -8410.0 
1.0 -910.0 
41.0 -11815.0 
2.0 -1620.0 
8.0 -4430.0 
3.0 -2250.0 
15.0 -6710.0 
3.0 -2250.0 
6.0 -3675.0 
3.0 -2250.0 
29.0 -9820.0 
2.0 -1620.0 
18.0 -7585.0 
1.0 -910.0 
4.0 -2655.0 
31.0 -10330.0 
5.0 -3285.0 
10.0 -5175.0 
20.0 -8055.0 
8.0 -4430.0 
38.0 -11365.0 
9.0 -4785.0 
7.0 -4040.0 
16.0 -7065.0 
13.0 -6135.0 
41.0 -11815.0 
27.0 -9540.0 
35.0 -10950.0 
25.0 -9200.0 
22.0 -8480.0 
24.0 -9000.0 
13.0 -6135.0 
31.0 -10330.0 
31.0 -10330.0 
24.0 -9000.0 
35.0 -10950.0 
28.0 -9790.0 
16.0 -7065.0 
25.0 -9200.0 
11.0 -5530.0 
38.0 -11365.0 
14.0 -6460.0 
21.0 -8410.0 
31.0 -10330.0 
19.0 -7890.0 
41.0 -11815.0 
27.0 -9540.0 
35.0 -10950.0 
26.0 -9270.0 
28.0 -9790.0 
1.0 -910.0 
24.0 -9000.0 
18.0 -7585.0 
19.0 -7890.0 
16.0 -7065.0 
17.0 -7285.0 
23.0 -8680.0 
5.0 -3285.0 
4.0 -2655.0 
21.0 -8410.0 
15.0 -6710.0 
2.0 -1620.0 
7.0 -4040.0 
6.0 -3675.0 
3.0 -2250.0 
14.0 -6460.0 
8.0 -4430.0 
9.0 -4785.0 
11.0 -5530.0 
10.0 -5175.0 
13.0 -6135.0 
12.0 -5780.0 
35.0 -10950.0 
7.0 -4040.0 
32.0 -10410.0 
27.0 -9540.0 
21.0 -8410.0 
1.0 -910.0 
1.0 -910.0 
24.0 -9000.0 
5.0 -3285.0 
24.0 -9000.0 
5.0 -3285.0 
21.0 -8410.0 
2.0 -1620.0 
1.0 -910.0 
20.0 -8055.0 
3.0 -2250.0 
5.0 -3285.0 
24.0 -9000.0 
31.0 -10330.0 
22.0 -8480.0 
4.0 -2655.0 
41.0 -11815.0 
8.0 -4430.0 
39.0 -11445.0 
35.0 -10950.0 
31.0 -10330.0 
35.0 -10950.0 
38.0 -11365.0 
11.0 -5530.0 
31.0 -10330.0 
14.0 -6460.0 
24.0 -9000.0 
21.0 -8410.0 
19.0 -7890.0 
25.0 -9200.0 
28.0 -9790.0 
16.0 -7065.0 
30.0 -9975.0 
41.0 -11815.0 
31.0 -10330.0 
35.0 -10950.0 
18.0 -7585.0 
17.0 -7285.0 
16.0 -7065.0 
5.0 -3285.0 
7.0 -4040.0 
2.0 -1620.0 
6.0 -3675.0 
3.0 -2250.0 
4.0 -2655.0 
8.0 -4430.0 
9.0 -4785.0 
13.0 -6135.0 
10.0 -5175.0 
15.0 -6710.0 
14.0 -6460.0 
12.0 -5780.0 
11.0 -5530.0 
23.0 -8680.0 
21.0 -8410.0 
1.0 -910.0 
1.0 -910.0 
18.0 -7585.0 
24.0 -9000.0 
22.0 -8480.0 
11.0 -5530.0 
2.0 -1620.0 
27.0 -9540.0 
14.0 -6460.0 
27.0 -9540.0 
5.0 -3285.0 
3.0 -2250.0 
2.0 -1620.0 
4.0 -2655.0 
1.0 -910.0 
41.0 -11815.0 
38.0 -11365.0 
6.0 -3675.0 
37.0 -11195.0 
8.0 -4430.0 
31.0 -10330.0 
11.0 -5530.0 
28.0 -9790.0 
25.0 -9200.0 
38.0 -11365.0 
21.0 -8410.0 
21.0 -8410.0 
16.0 -7065.0 
5.0 -3285.0 
19.0 -7890.0 
35.0 -10950.0 
31.0 -10330.0 
14.0 -6460.0 
35.0 -10950.0 
41.0 -11815.0 
3.0 -2250.0 
37.0 -11195.0 
26.0 -9270.0 
31.0 -10330.0 
35.0 -10950.0 
30.0 -9975.0 
16.0 -7065.0 
17.0 -7285.0 
18.0 -7585.0 
11.0 -5530.0 
5.0 -3285.0 
6.0 -3675.0 
10.0 -5175.0 
7.0 -4040.0 
12.0 -5780.0 
13.0 -6135.0 
8.0 -4430.0 
14.0 -6460.0 
9.0 -4785.0 
15.0 -6710.0 
21.0 -8410.0 
23.0 -8680.0 
2.0 -1620.0 
2.0 -1620.0 
14.0 -6460.0 
21.0 -8410.0 
24.0 -9000.0 
37.0 -11195.0 
31.0 -10330.0 
5.0 -3285.0 
18.0 -7585.0 
28.0 -9790.0 
41.0 -11815.0 
34.0 -10735.0 
9.0 -4785.0 
34.0 -10735.0 
3.0 -2250.0 
5.0 -3285.0 
2.0 -1620.0 
4.0 -2655.0 
1.0 -910.0 
24.0 -9000.0 
22.0 -8480.0 
20.0 -8055.0 
31.0 -10330.0 
14.0 -6460.0 
37.0 -11195.0 
30.0 -9975.0 
35.0 -10950.0 
18.0 -7585.0 
28.0 -9790.0 
35.0 -10950.0 
24.0 -9000.0 
38.0 -11365.0 
31.0 -10330.0 
38.0 -11365.0 
31.0 -10330.0 
11.0 -5530.0 
25.0 -9200.0 
19.0 -7890.0 
21.0 -8410.0 
14.0 -6460.0 
16.0 -7065.0 
38.0 -11365.0 
25.0 -9200.0 
40.0 -11600.0 
5.0 -3285.0 
6.0 -3675.0 
18.0 -7585.0 
19.0 -7890.0 
31.0 -10330.0 
23.0 -8680.0 
24.0 -9000.0 
21.0 -8410.0 
2.0 -1620.0 
3.0 -2250.0 
10.0 -5175.0 
12.0 -5780.0 
8.0 -4430.0 
7.0 -4040.0 
15.0 -6710.0 
9.0 -4785.0 
13.0 -6135.0 
11.0 -5530.0 
16.0 -7065.0 
17.0 -7285.0 
14.0 -6460.0 
23.0 -8680.0 
41.0 -11815.0 
12.0 -5780.0 
37.0 -11195.0 
6.0 -3675.0 
31.0 -10330.0 
1.0 -910.0 
6.0 -3675.0 
2.0 -1620.0 
8.0 -4430.0 
20.0 -8055.0 
20.0 -8055.0 
8.0 -4430.0 
1.0 -910.0 
19.0 -7890.0 
1.0 -910.0 
2.0 -1620.0 
3.0 -2250.0 
5.0 -3285.0 
18.0 -7585.0 
16.0 -7065.0 
7.0 -4040.0 
4.0 -2655.0 
31.0 -10330.0 
6.0 -3675.0 
38.0 -11365.0 
21.0 -8410.0 
23.0 -8680.0 
35.0 -10950.0 
28.0 -9790.0 
13.0 -6135.0 
41.0 -11815.0 
25.0 -9200.0 
11.0 -5530.0 
8.0 -4430.0 
35.0 -10950.0 
16.0 -7065.0 
5.0 -3285.0 
25.0 -9200.0 
28.0 -9790.0 
19.0 -7890.0 
35.0 -10950.0 
25.0 -9200.0 
31.0 -10330.0 
31.0 -10330.0 
21.0 -8410.0 
38.0 -11365.0 
5.0 -3285.0 
11.0 -5530.0 
14.0 -6460.0 
16.0 -7065.0 
40.0 -11600.0 
25.0 -9200.0 
35.0 -10950.0 
16.0 -7065.0 
18.0 -7585.0 
19.0 -7890.0 
17.0 -7285.0 
15.0 -6710.0 
3.0 -2250.0 
2.0 -1620.0 
1.0 -910.0 
23.0 -8680.0 
4.0 -2655.0 
6.0 -3675.0 
5.0 -3285.0 
12.0 -5780.0 
10.0 -5175.0 
13.0 -6135.0 
11.0 -5530.0 
14.0 -6460.0 
7.0 -4040.0 
9.0 -4785.0 
8.0 -4430.0 
21.0 -8410.0 
31.0 -10330.0 
21.0 -8410.0 
6.0 -3675.0 
2.0 -1620.0 
12.0 -5780.0 
24.0 -9000.0 
27.0 -9540.0 
1.0 -910.0 
27.0 -9540.0 
3.0 -2250.0 
10.0 -5175.0 
8.0 -4430.0 
8.0 -4430.0 
10.0 -5175.0 
1.0 -910.0 
41.0 -11815.0 
1.0 -910.0 
2.0 -1620.0 
3.0 -2250.0 
5.0 -3285.0 
4.0 -2655.0 
7.0 -4040.0 
21.0 -8410.0 
23.0 -8680.0 
31.0 -10330.0 
27.0 -9540.0 
29.0 -9820.0 
15.0 -6710.0 
19.0 -7890.0 
25.0 -9200.0 
6.0 -3675.0 
37.0 -11195.0 
11.0 -5530.0 
35.0 -10950.0 
38.0 -11365.0 
8.0 -4430.0 
24.0 -9000.0 
35.0 -10950.0 
25.0 -9200.0 
31.0 -10330.0 
31.0 -10330.0 
14.0 -6460.0 
21.0 -8410.0 
16.0 -7065.0 
19.0 -7890.0 
28.0 -9790.0 
27.0 -9540.0 
29.0 -9820.0 
24.0 -9000.0 
25.0 -9200.0 
35.0 -10950.0 
40.0 -11600.0 
18.0 -7585.0 
34.0 -10735.0 
19.0 -7890.0 
31.0 -10330.0 
16.0 -7065.0 
17.0 -7285.0 
23.0 -8680.0 
1.0 -910.0 
5.0 -3285.0 
6.0 -3675.0 
4.0 -2655.0 
2.0 -1620.0 
15.0 -6710.0 
7.0 -4040.0 
8.0 -4430.0 
13.0 -6135.0 
10.0 -5175.0 
3.0 -2250.0 
11.0 -5530.0 
9.0 -4785.0 
14.0 -6460.0 
12.0 -5780.0 
21.0 -8410.0 
1.0 -910.0 
1.0 -910.0 
21.0 -8410.0 
4.0 -2655.0 
2.0 -1620.0 
9.0 -4785.0 
7.0 -4040.0 
7.0 -4040.0 
5.0 -3285.0 
5.0 -3285.0 
2.0 -1620.0 
1.0 -910.0 
3.0 -2250.0 
5.0 -3285.0 
31.0 -10330.0 
29.0 -9820.0 
27.0 -9540.0 
7.0 -4040.0 
8.0 -4430.0 
6.0 -3675.0 
4.0 -2655.0 
41.0 -11815.0 
23.0 -8680.0 
21.0 -8410.0 
18.0 -7585.0 
9.0 -4785.0 
19.0 -7890.0 
37.0 -11195.0 
12.0 -5780.0 
25.0 -9200.0 
19.0 -7890.0 
28.0 -9790.0 
38.0 -11365.0 
35.0 -10950.0 
24.0 -9000.0 
31.0 -10330.0 
31.0 -10330.0 
19.0 -7890.0 
16.0 -7065.0 
11.0 -5530.0 
21.0 -8410.0 
35.0 -10950.0 
14.0 -6460.0 
25.0 -9200.0 
9.0 -4785.0 
40.0 -11600.0 
37.0 -11195.0 
35.0 -10950.0 
19.0 -7890.0 
28.0 -9790.0 
16.0 -7065.0 
41.0 -11815.0 
17.0 -7285.0 
26.0 -9270.0 
31.0 -10330.0 
4.0 -2655.0 
2.0 -1620.0 
7.0 -4040.0 
5.0 -3285.0 
3.0 -2250.0 
8.0 -4430.0 
6.0 -3675.0 
23.0 -8680.0 
24.0 -9000.0 
9.0 -4785.0 
11.0 -5530.0 
13.0 -6135.0 
14.0 -6460.0 
15.0 -6710.0 
21.0 -8410.0 
12.0 -5780.0 
10.0 -5175.0 
19.0 -7890.0 
9.0 -4785.0 
22.0 -8480.0 
28.0 -9790.0 
24.0 -9000.0 
35.0 -10950.0 
3.0 -2250.0 
4.0 -2655.0 
16.0 -7065.0 
31.0 -10330.0 
1.0 -910.0 
7.0 -4040.0 
5.0 -3285.0 
38.0 -11365.0 
7.0 -4040.0 
1.0 -910.0 
2.0 -1620.0 
2.0 -1620.0 
2.0 -1620.0 
4.0 -2655.0 
1.0 -910.0 
3.0 -2250.0 
20.0 -8055.0 
5.0 -3285.0 
22.0 -8480.0 
7.0 -4040.0 
6.0 -3675.0 
24.0 -9000.0 
8.0 -4430.0 
28.0 -9790.0 
15.0 -6710.0 
12.0 -5780.0 
35.0 -10950.0 
31.0 -10330.0 
35.0 -10950.0 
38.0 -11365.0 
19.0 -7890.0 
16.0 -7065.0 
21.0 -8410.0 
24.0 -9000.0 
35.0 -10950.0 
25.0 -9200.0 
11.0 -5530.0 
14.0 -6460.0 
28.0 -9790.0 
31.0 -10330.0 
25.0 -9200.0 
10.0 -5175.0 
35.0 -10950.0 
20.0 -8055.0 
15.0 -6710.0 
38.0 -11365.0 
40.0 -11600.0 
24.0 -9000.0 
12.0 -5780.0 
9.0 -4785.0 
31.0 -10330.0 
11.0 -5530.0 
34.0 -10735.0 
13.0 -6135.0 
14.0 -6460.0 
23.0 -8680.0 
16.0 -7065.0 
17.0 -7285.0 
18.0 -7585.0 
21.0 -8410.0 
4.0 -2655.0 
2.0 -1620.0 
3.0 -2250.0 
5.0 -3285.0 
6.0 -3675.0 
7.0 -4040.0 
8.0 -4430.0 
16.0 -7065.0 
7.0 -4040.0 
41.0 -11815.0 
24.0 -9000.0 
26.0 -9270.0 
31.0 -10330.0 
2.0 -1620.0 
4.0 -2655.0 
35.0 -10950.0 
33.0 -10430.0 
1.0 -910.0 
28.0 -9790.0 
1.0 -910.0 
28.0 -9790.0 
3.0 -2250.0 
2.0 -1620.0 
5.0 -3285.0 
4.0 -2655.0 
1.0 -910.0 
21.0 -8410.0 
35.0 -10950.0 
31.0 -10330.0 
8.0 -4430.0 
20.0 -8055.0 
31.0 -10330.0 
35.0 -10950.0 
19.0 -7890.0 
28.0 -9790.0 
21.0 -8410.0 
31.0 -10330.0 
35.0 -10950.0 
11.0 -5530.0 
19.0 -7890.0 
38.0 -11365.0 
24.0 -9000.0 
16.0 -7065.0 
13.0 -6135.0 
28.0 -9790.0 
41.0 -11815.0 
24.0 -9000.0 
38.0 -11365.0 
2.0 -1620.0 
25.0 -9200.0 
34.0 -10735.0 
18.0 -7585.0 
31.0 -10330.0 
3.0 -2250.0 
4.0 -2655.0 
7.0 -4040.0 
15.0 -6710.0 
5.0 -3285.0 
13.0 -6135.0 
14.0 -6460.0 
10.0 -5175.0 
12.0 -5780.0 
8.0 -4430.0 
6.0 -3675.0 
11.0 -5530.0 
9.0 -4785.0 
23.0 -8680.0 
21.0 -8410.0 
