270.0 -32390.0 
270.0 -32390.0 
225.0 -30455.0 
241.0 -31310.0 
254.0 -32020.0 
246.0 -31640.0 
254.0 -32020.0 
262.0 -32210.0 
262.0 -32210.0 
246.0 -31640.0 
238.0 -31260.0 
211.0 -29425.0 
212.0 -29540.0 
233.0 -30930.0 
195.0 -28225.0 
178.0 -26850.0 
262.0 -32210.0 
254.0 -32020.0 
230.0 -30785.0 
249.0 -31690.0 
219.0 -30020.0 
270.0 -32390.0 
186.0 -27480.0 
216.0 -29755.0 
183.0 -27265.0 
227.0 -30495.0 
192.0 -27985.0 
189.0 -27705.0 
223.0 -30305.0 
245.0 -31360.0 
237.0 -30980.0 
199.0 -28490.0 
209.0 -29275.0 
218.0 -29975.0 
187.0 -27595.0 
246.0 -31640.0 
238.0 -31260.0 
204.0 -28945.0 
183.0 -27265.0 
192.0 -27985.0 
178.0 -26850.0 
246.0 -31640.0 
178.0 -26850.0 
225.0 -30455.0 
212.0 -29540.0 
204.0 -28945.0 
196.0 -28315.0 
238.0 -31260.0 
210.0 -29380.0 
223.0 -30305.0 
230.0 -30785.0 
254.0 -32020.0 
254.0 -32020.0 
218.0 -29975.0 
187.0 -27595.0 
195.0 -28225.0 
200.0 -28615.0 
270.0 -32390.0 
230.0 -30785.0 
202.0 -28750.0 
246.0 -31640.0 
198.0 -28420.0 
182.0 -27150.0 
192.0 -27985.0 
186.0 -27480.0 
178.0 -26850.0 
189.0 -27705.0 
195.0 -28225.0 
270.0 -32390.0 
254.0 -32020.0 
270.0 -32390.0 
270.0 -32390.0 
225.0 -30455.0 
241.0 -31310.0 
201.0 -28660.0 
233.0 -30930.0 
254.0 -32020.0 
187.0 -27595.0 
218.0 -29975.0 
246.0 -31640.0 
254.0 -32020.0 
262.0 -32210.0 
262.0 -32210.0 
193.0 -28030.0 
246.0 -31640.0 
227.0 -30495.0 
212.0 -29540.0 
224.0 -30350.0 
200.0 -28615.0 
183.0 -27265.0 
241.0 -31310.0 
233.0 -30930.0 
270.0 -32390.0 
218.0 -29975.0 
262.0 -32210.0 
203.0 -28820.0 
206.0 -29050.0 
230.0 -30785.0 
186.0 -27480.0 
254.0 -32020.0 
209.0 -29275.0 
196.0 -28315.0 
189.0 -27705.0 
192.0 -27985.0 
249.0 -31690.0 
178.0 -26850.0 
238.0 -31260.0 
246.0 -31640.0 
230.0 -30785.0 
196.0 -28315.0 
204.0 -28945.0 
195.0 -28225.0 
218.0 -29975.0 
254.0 -32020.0 
210.0 -29380.0 
178.0 -26850.0 
200.0 -28615.0 
178.0 -26850.0 
204.0 -28945.0 
192.0 -27985.0 
246.0 -31640.0 
230.0 -30785.0 
187.0 -27595.0 
270.0 -32390.0 
254.0 -32020.0 
225.0 -30455.0 
187.0 -27595.0 
218.0 -29975.0 
238.0 -31260.0 
246.0 -31640.0 
223.0 -30305.0 
183.0 -27265.0 
212.0 -29540.0 
238.0 -31260.0 
187.0 -27595.0 
191.0 -27895.0 
201.0 -28660.0 
232.0 -30825.0 
238.0 -31260.0 
246.0 -31640.0 
254.0 -32020.0 
270.0 -32390.0 
270.0 -32390.0 
270.0 -32390.0 
238.0 -31260.0 
225.0 -30455.0 
233.0 -30930.0 
214.0 -29645.0 
246.0 -31640.0 
246.0 -31640.0 
254.0 -32020.0 
210.0 -29380.0 
182.0 -27150.0 
218.0 -29975.0 
254.0 -32020.0 
262.0 -32210.0 
262.0 -32210.0 
218.0 -29975.0 
214.0 -29645.0 
254.0 -32020.0 
249.0 -31690.0 
225.0 -30455.0 
182.0 -27150.0 
211.0 -29425.0 
262.0 -32210.0 
270.0 -32390.0 
221.0 -30125.0 
185.0 -27375.0 
191.0 -27895.0 
176.0 -26655.0 
233.0 -30930.0 
206.0 -29050.0 
203.0 -28820.0 
200.0 -28615.0 
241.0 -31310.0 
246.0 -31640.0 
195.0 -28225.0 
198.0 -28420.0 
217.0 -29870.0 
209.0 -29275.0 
238.0 -31260.0 
270.0 -32390.0 
187.0 -27595.0 
204.0 -28945.0 
192.0 -27985.0 
178.0 -26850.0 
210.0 -29380.0 
230.0 -30785.0 
225.0 -30455.0 
195.0 -28225.0 
212.0 -29540.0 
223.0 -30305.0 
270.0 -32390.0 
178.0 -26850.0 
183.0 -27265.0 
254.0 -32020.0 
246.0 -31640.0 
246.0 -31640.0 
254.0 -32020.0 
230.0 -30785.0 
218.0 -29975.0 
238.0 -31260.0 
196.0 -28315.0 
218.0 -29975.0 
238.0 -31260.0 
200.0 -28615.0 
204.0 -28945.0 
187.0 -27595.0 
218.0 -29975.0 
214.0 -29645.0 
241.0 -31310.0 
191.0 -27895.0 
195.0 -28225.0 
233.0 -30930.0 
199.0 -28490.0 
246.0 -31640.0 
270.0 -32390.0 
254.0 -32020.0 
270.0 -32390.0 
270.0 -32390.0 
254.0 -32020.0 
238.0 -31260.0 
204.0 -28945.0 
195.0 -28225.0 
237.0 -30980.0 
230.0 -30785.0 
209.0 -29275.0 
225.0 -30455.0 
200.0 -28615.0 
211.0 -29425.0 
262.0 -32210.0 
262.0 -32210.0 
218.0 -29975.0 
254.0 -32020.0 
189.0 -27705.0 
262.0 -32210.0 
186.0 -27480.0 
270.0 -32390.0 
206.0 -29050.0 
212.0 -29540.0 
249.0 -31690.0 
203.0 -28820.0 
192.0 -27985.0 
195.0 -28225.0 
183.0 -27265.0 
198.0 -28420.0 
180.0 -26985.0 
246.0 -31640.0 
177.0 -26735.0 
241.0 -31310.0 
233.0 -30930.0 
225.0 -30455.0 
200.0 -28615.0 
230.0 -30785.0 
225.0 -30455.0 
183.0 -27265.0 
254.0 -32020.0 
204.0 -28945.0 
218.0 -29975.0 
230.0 -30785.0 
178.0 -26850.0 
270.0 -32390.0 
218.0 -29975.0 
218.0 -29975.0 
246.0 -31640.0 
270.0 -32390.0 
230.0 -30785.0 
246.0 -31640.0 
187.0 -27595.0 
212.0 -29540.0 
187.0 -27595.0 
210.0 -29380.0 
254.0 -32020.0 
223.0 -30305.0 
195.0 -28225.0 
204.0 -28945.0 
238.0 -31260.0 
238.0 -31260.0 
192.0 -27985.0 
183.0 -27265.0 
196.0 -28315.0 
200.0 -28615.0 
190.0 -27745.0 
233.0 -30930.0 
195.0 -28225.0 
210.0 -29380.0 
225.0 -30455.0 
183.0 -27265.0 
246.0 -31640.0 
238.0 -31260.0 
254.0 -32020.0 
270.0 -32390.0 
270.0 -32390.0 
270.0 -32390.0 
254.0 -32020.0 
187.0 -27595.0 
225.0 -30455.0 
230.0 -30785.0 
218.0 -29975.0 
246.0 -31640.0 
238.0 -31260.0 
262.0 -32210.0 
262.0 -32210.0 
178.0 -26850.0 
178.0 -26850.0 
214.0 -29645.0 
214.0 -29645.0 
262.0 -32210.0 
186.0 -27480.0 
233.0 -30930.0 
194.0 -28075.0 
254.0 -32020.0 
270.0 -32390.0 
249.0 -31690.0 
218.0 -29975.0 
203.0 -28820.0 
225.0 -30455.0 
241.0 -31310.0 
246.0 -31640.0 
222.0 -30190.0 
191.0 -27895.0 
210.0 -29380.0 
183.0 -27265.0 
178.0 -26850.0 
204.0 -28945.0 
270.0 -32390.0 
183.0 -27265.0 
218.0 -29975.0 
178.0 -26850.0 
238.0 -31260.0 
195.0 -28225.0 
212.0 -29540.0 
218.0 -29975.0 
254.0 -32020.0 
223.0 -30305.0 
230.0 -30785.0 
254.0 -32020.0 
204.0 -28945.0 
187.0 -27595.0 
210.0 -29380.0 
230.0 -30785.0 
238.0 -31260.0 
246.0 -31640.0 
187.0 -27595.0 
196.0 -28315.0 
178.0 -26850.0 
200.0 -28615.0 
225.0 -30455.0 
192.0 -27985.0 
270.0 -32390.0 
254.0 -32020.0 
195.0 -28225.0 
218.0 -29975.0 
204.0 -28945.0 
249.0 -31690.0 
241.0 -31310.0 
225.0 -30455.0 
178.0 -26850.0 
210.0 -29380.0 
254.0 -32020.0 
270.0 -32390.0 
270.0 -32390.0 
270.0 -32390.0 
204.0 -28945.0 
233.0 -30930.0 
246.0 -31640.0 
225.0 -30455.0 
254.0 -32020.0 
218.0 -29975.0 
221.0 -30125.0 
246.0 -31640.0 
201.0 -28660.0 
254.0 -32020.0 
262.0 -32210.0 
262.0 -32210.0 
210.0 -29380.0 
210.0 -29380.0 
214.0 -29645.0 
214.0 -29645.0 
212.0 -29540.0 
254.0 -32020.0 
262.0 -32210.0 
233.0 -30930.0 
225.0 -30455.0 
270.0 -32390.0 
186.0 -27480.0 
249.0 -31690.0 
206.0 -29050.0 
195.0 -28225.0 
192.0 -27985.0 
198.0 -28420.0 
245.0 -31360.0 
219.0 -30020.0 
177.0 -26735.0 
201.0 -28660.0 
216.0 -29755.0 
209.0 -29275.0 
183.0 -27265.0 
212.0 -29540.0 
195.0 -28225.0 
183.0 -27265.0 
204.0 -28945.0 
204.0 -28945.0 
225.0 -30455.0 
230.0 -30785.0 
254.0 -32020.0 
246.0 -31640.0 
178.0 -26850.0 
223.0 -30305.0 
187.0 -27595.0 
200.0 -28615.0 
210.0 -29380.0 
238.0 -31260.0 
238.0 -31260.0 
218.0 -29975.0 
187.0 -27595.0 
218.0 -29975.0 
246.0 -31640.0 
254.0 -32020.0 
262.0 -32210.0 
192.0 -27985.0 
183.0 -27265.0 
270.0 -32390.0 
196.0 -28315.0 
230.0 -30785.0 
212.0 -29540.0 
214.0 -29645.0 
218.0 -29975.0 
233.0 -30930.0 
186.0 -27480.0 
202.0 -28750.0 
238.0 -31260.0 
182.0 -27150.0 
194.0 -28075.0 
198.0 -28420.0 
210.0 -29380.0 
254.0 -32020.0 
246.0 -31640.0 
270.0 -32390.0 
270.0 -32390.0 
254.0 -32020.0 
208.0 -29210.0 
241.0 -31310.0 
200.0 -28615.0 
185.0 -27375.0 
204.0 -28945.0 
246.0 -31640.0 
196.0 -28315.0 
233.0 -30930.0 
225.0 -30455.0 
262.0 -32210.0 
262.0 -32210.0 
192.0 -27985.0 
218.0 -29975.0 
218.0 -29975.0 
218.0 -29975.0 
225.0 -30455.0 
249.0 -31690.0 
241.0 -31310.0 
178.0 -26850.0 
254.0 -32020.0 
262.0 -32210.0 
270.0 -32390.0 
233.0 -30930.0 
222.0 -30190.0 
215.0 -29710.0 
183.0 -27265.0 
176.0 -26655.0 
186.0 -27480.0 
195.0 -28225.0 
246.0 -31640.0 
198.0 -28420.0 
201.0 -28660.0 
192.0 -27985.0 
211.0 -29425.0 
204.0 -28945.0 
208.0 -29210.0 
238.0 -31260.0 
204.0 -28945.0 
178.0 -26850.0 
223.0 -30305.0 
246.0 -31640.0 
183.0 -27265.0 
178.0 -26850.0 
196.0 -28315.0 
212.0 -29540.0 
218.0 -29975.0 
204.0 -28945.0 
270.0 -32390.0 
246.0 -31640.0 
187.0 -27595.0 
187.0 -27595.0 
254.0 -32020.0 
225.0 -30455.0 
210.0 -29380.0 
218.0 -29975.0 
192.0 -27985.0 
238.0 -31260.0 
238.0 -31260.0 
254.0 -32020.0 
230.0 -30785.0 
230.0 -30785.0 
196.0 -28315.0 
200.0 -28615.0 
210.0 -29380.0 
249.0 -31690.0 
194.0 -28075.0 
186.0 -27480.0 
241.0 -31310.0 
270.0 -32390.0 
254.0 -32020.0 
270.0 -32390.0 
270.0 -32390.0 
196.0 -28315.0 
212.0 -29540.0 
182.0 -27150.0 
202.0 -28750.0 
238.0 -31260.0 
246.0 -31640.0 
204.0 -28945.0 
254.0 -32020.0 
225.0 -30455.0 
262.0 -32210.0 
262.0 -32210.0 
233.0 -30930.0 
233.0 -30930.0 
254.0 -32020.0 
225.0 -30455.0 
218.0 -29975.0 
254.0 -32020.0 
241.0 -31310.0 
262.0 -32210.0 
186.0 -27480.0 
222.0 -30190.0 
233.0 -30930.0 
178.0 -26850.0 
215.0 -29710.0 
249.0 -31690.0 
183.0 -27265.0 
270.0 -32390.0 
181.0 -27030.0 
201.0 -28660.0 
195.0 -28225.0 
192.0 -27985.0 
198.0 -28420.0 
204.0 -28945.0 
211.0 -29425.0 
246.0 -31640.0 
238.0 -31260.0 
230.0 -30785.0 
230.0 -30785.0 
230.0 -30785.0 
225.0 -30455.0 
223.0 -30305.0 
254.0 -32020.0 
204.0 -28945.0 
238.0 -31260.0 
238.0 -31260.0 
204.0 -28945.0 
178.0 -26850.0 
254.0 -32020.0 
196.0 -28315.0 
210.0 -29380.0 
200.0 -28615.0 
218.0 -29975.0 
218.0 -29975.0 
212.0 -29540.0 
195.0 -28225.0 
270.0 -32390.0 
183.0 -27265.0 
246.0 -31640.0 
246.0 -31640.0 
187.0 -27595.0 
187.0 -27595.0 
192.0 -27985.0 
178.0 -26850.0 
230.0 -30785.0 
202.0 -28750.0 
210.0 -29380.0 
186.0 -27480.0 
238.0 -31260.0 
246.0 -31640.0 
270.0 -32390.0 
254.0 -32020.0 
270.0 -32390.0 
270.0 -32390.0 
254.0 -32020.0 
178.0 -26850.0 
215.0 -29710.0 
238.0 -31260.0 
246.0 -31640.0 
218.0 -29975.0 
230.0 -30785.0 
262.0 -32210.0 
262.0 -32210.0 
210.0 -29380.0 
210.0 -29380.0 
196.0 -28315.0 
218.0 -29975.0 
212.0 -29540.0 
254.0 -32020.0 
222.0 -30190.0 
215.0 -29710.0 
241.0 -31310.0 
192.0 -27985.0 
233.0 -30930.0 
225.0 -30455.0 
186.0 -27480.0 
183.0 -27265.0 
249.0 -31690.0 
189.0 -27705.0 
177.0 -26735.0 
203.0 -28820.0 
270.0 -32390.0 
206.0 -29050.0 
262.0 -32210.0 
195.0 -28225.0 
180.0 -26985.0 
198.0 -28420.0 
200.0 -28615.0 
209.0 -29275.0 
246.0 -31640.0 
225.0 -30455.0 
204.0 -28945.0 
200.0 -28615.0 
218.0 -29975.0 
195.0 -28225.0 
187.0 -27595.0 
218.0 -29975.0 
230.0 -30785.0 
230.0 -30785.0 
210.0 -29380.0 
204.0 -28945.0 
178.0 -26850.0 
246.0 -31640.0 
270.0 -32390.0 
187.0 -27595.0 
238.0 -31260.0 
183.0 -27265.0 
178.0 -26850.0 
238.0 -31260.0 
212.0 -29540.0 
254.0 -32020.0 
192.0 -27985.0 
246.0 -31640.0 
196.0 -28315.0 
254.0 -32020.0 
223.0 -30305.0 
198.0 -28420.0 
206.0 -29050.0 
191.0 -27895.0 
225.0 -30455.0 
186.0 -27480.0 
182.0 -27150.0 
214.0 -29645.0 
218.0 -29975.0 
194.0 -28075.0 
262.0 -32210.0 
238.0 -31260.0 
254.0 -32020.0 
270.0 -32390.0 
246.0 -31640.0 
270.0 -32390.0 
270.0 -32390.0 
218.0 -29975.0 
241.0 -31310.0 
225.0 -30455.0 
233.0 -30930.0 
254.0 -32020.0 
246.0 -31640.0 
254.0 -32020.0 
262.0 -32210.0 
262.0 -32210.0 
246.0 -31640.0 
233.0 -30930.0 
225.0 -30455.0 
179.0 -26920.0 
254.0 -32020.0 
195.0 -28225.0 
198.0 -28420.0 
262.0 -32210.0 
249.0 -31690.0 
270.0 -32390.0 
186.0 -27480.0 
201.0 -28660.0 
204.0 -28945.0 
208.0 -29210.0 
211.0 -29425.0 
246.0 -31640.0 
218.0 -29975.0 
241.0 -31310.0 
192.0 -27985.0 
230.0 -30785.0 
182.0 -27150.0 
222.0 -30190.0 
215.0 -29710.0 
238.0 -31260.0 
212.0 -29540.0 
187.0 -27595.0 
246.0 -31640.0 
195.0 -28225.0 
178.0 -26850.0 
225.0 -30455.0 
212.0 -29540.0 
246.0 -31640.0 
218.0 -29975.0 
183.0 -27265.0 
187.0 -27595.0 
196.0 -28315.0 
204.0 -28945.0 
223.0 -30305.0 
230.0 -30785.0 
200.0 -28615.0 
218.0 -29975.0 
192.0 -27985.0 
254.0 -32020.0 
238.0 -31260.0 
270.0 -32390.0 
204.0 -28945.0 
210.0 -29380.0 
178.0 -26850.0 
254.0 -32020.0 
230.0 -30785.0 
238.0 -31260.0 
233.0 -30930.0 
196.0 -28315.0 
218.0 -29975.0 
192.0 -27985.0 
238.0 -31260.0 
270.0 -32390.0 
246.0 -31640.0 
270.0 -32390.0 
270.0 -32390.0 
218.0 -29975.0 
233.0 -30930.0 
192.0 -27985.0 
254.0 -32020.0 
241.0 -31310.0 
246.0 -31640.0 
189.0 -27705.0 
196.0 -28315.0 
254.0 -32020.0 
262.0 -32210.0 
262.0 -32210.0 
225.0 -30455.0 
198.0 -28420.0 
225.0 -30455.0 
204.0 -28945.0 
246.0 -31640.0 
233.0 -30930.0 
262.0 -32210.0 
254.0 -32020.0 
178.0 -26850.0 
270.0 -32390.0 
249.0 -31690.0 
196.0 -28315.0 
211.0 -29425.0 
190.0 -27745.0 
225.0 -30455.0 
218.0 -29975.0 
181.0 -27030.0 
184.0 -27305.0 
187.0 -27595.0 
193.0 -28030.0 
245.0 -31360.0 
230.0 -30785.0 
237.0 -30980.0 
208.0 -29210.0 
223.0 -30305.0 
178.0 -26850.0 
218.0 -29975.0 
204.0 -28945.0 
212.0 -29540.0 
178.0 -26850.0 
230.0 -30785.0 
218.0 -29975.0 
254.0 -32020.0 
204.0 -28945.0 
195.0 -28225.0 
225.0 -30455.0 
192.0 -27985.0 
196.0 -28315.0 
246.0 -31640.0 
187.0 -27595.0 
238.0 -31260.0 
210.0 -29380.0 
246.0 -31640.0 
223.0 -30305.0 
270.0 -32390.0 
200.0 -28615.0 
183.0 -27265.0 
254.0 -32020.0 
187.0 -27595.0 
230.0 -30785.0 
238.0 -31260.0 
194.0 -28075.0 
238.0 -31260.0 
270.0 -32390.0 
254.0 -32020.0 
246.0 -31640.0 
270.0 -32390.0 
270.0 -32390.0 
210.0 -29380.0 
241.0 -31310.0 
178.0 -26850.0 
218.0 -29975.0 
254.0 -32020.0 
201.0 -28660.0 
225.0 -30455.0 
246.0 -31640.0 
254.0 -32020.0 
262.0 -32210.0 
262.0 -32210.0 
246.0 -31640.0 
198.0 -28420.0 
233.0 -30930.0 
249.0 -31690.0 
194.0 -28075.0 
254.0 -32020.0 
262.0 -32210.0 
225.0 -30455.0 
200.0 -28615.0 
178.0 -26850.0 
203.0 -28820.0 
206.0 -29050.0 
270.0 -32390.0 
212.0 -29540.0 
218.0 -29975.0 
246.0 -31640.0 
241.0 -31310.0 
215.0 -29710.0 
233.0 -30930.0 
238.0 -31260.0 
222.0 -30190.0 
230.0 -30785.0 
185.0 -27375.0 
182.0 -27150.0 
191.0 -27895.0 
212.0 -29540.0 
254.0 -32020.0 
218.0 -29975.0 
200.0 -28615.0 
246.0 -31640.0 
204.0 -28945.0 
225.0 -30455.0 
187.0 -27595.0 
204.0 -28945.0 
183.0 -27265.0 
196.0 -28315.0 
187.0 -27595.0 
183.0 -27265.0 
195.0 -28225.0 
218.0 -29975.0 
223.0 -30305.0 
178.0 -26850.0 
210.0 -29380.0 
254.0 -32020.0 
192.0 -27985.0 
238.0 -31260.0 
230.0 -30785.0 
246.0 -31640.0 
262.0 -32210.0 
230.0 -30785.0 
238.0 -31260.0 
254.0 -32020.0 
212.0 -29540.0 
270.0 -32390.0 
187.0 -27595.0 
212.0 -29540.0 
204.0 -28945.0 
246.0 -31640.0 
254.0 -32020.0 
270.0 -32390.0 
270.0 -32390.0 
270.0 -32390.0 
254.0 -32020.0 
233.0 -30930.0 
249.0 -31690.0 
210.0 -29380.0 
200.0 -28615.0 
238.0 -31260.0 
225.0 -30455.0 
241.0 -31310.0 
262.0 -32210.0 
262.0 -32210.0 
207.0 -29095.0 
183.0 -27265.0 
225.0 -30455.0 
204.0 -28945.0 
178.0 -26850.0 
222.0 -30190.0 
218.0 -29975.0 
270.0 -32390.0 
186.0 -27480.0 
254.0 -32020.0 
195.0 -28225.0 
249.0 -31690.0 
262.0 -32210.0 
241.0 -31310.0 
192.0 -27985.0 
233.0 -30930.0 
210.0 -29380.0 
214.0 -29645.0 
246.0 -31640.0 
176.0 -26655.0 
212.0 -29540.0 
196.0 -28315.0 
230.0 -30785.0 
254.0 -32020.0 
179.0 -26920.0 
210.0 -29380.0 
218.0 -29975.0 
246.0 -31640.0 
223.0 -30305.0 
183.0 -27265.0 
238.0 -31260.0 
238.0 -31260.0 
204.0 -28945.0 
200.0 -28615.0 
195.0 -28225.0 
187.0 -27595.0 
192.0 -27985.0 
218.0 -29975.0 
178.0 -26850.0 
230.0 -30785.0 
246.0 -31640.0 
270.0 -32390.0 
187.0 -27595.0 
225.0 -30455.0 
204.0 -28945.0 
254.0 -32020.0 
186.0 -27480.0 
223.0 -30305.0 
241.0 -31310.0 
214.0 -29645.0 
218.0 -29975.0 
246.0 -31640.0 
254.0 -32020.0 
270.0 -32390.0 
270.0 -32390.0 
210.0 -29380.0 
204.0 -28945.0 
225.0 -30455.0 
214.0 -29645.0 
218.0 -29975.0 
246.0 -31640.0 
246.0 -31640.0 
254.0 -32020.0 
238.0 -31260.0 
254.0 -32020.0 
262.0 -32210.0 
262.0 -32210.0 
197.0 -28335.0 
197.0 -28335.0 
238.0 -31260.0 
233.0 -30930.0 
241.0 -31310.0 
187.0 -27595.0 
218.0 -29975.0 
262.0 -32210.0 
181.0 -27030.0 
215.0 -29710.0 
249.0 -31690.0 
209.0 -29275.0 
254.0 -32020.0 
212.0 -29540.0 
192.0 -27985.0 
270.0 -32390.0 
222.0 -30190.0 
178.0 -26850.0 
195.0 -28225.0 
198.0 -28420.0 
203.0 -28820.0 
206.0 -29050.0 
184.0 -27305.0 
190.0 -27745.0 
230.0 -30785.0 
200.0 -28615.0 
225.0 -30455.0 
246.0 -31640.0 
238.0 -31260.0 
254.0 -32020.0 
218.0 -29975.0 
195.0 -28225.0 
183.0 -27265.0 
223.0 -30305.0 
210.0 -29380.0 
246.0 -31640.0 
225.0 -30455.0 
178.0 -26850.0 
238.0 -31260.0 
204.0 -28945.0 
200.0 -28615.0 
196.0 -28315.0 
212.0 -29540.0 
187.0 -27595.0 
187.0 -27595.0 
238.0 -31260.0 
204.0 -28945.0 
178.0 -26850.0 
230.0 -30785.0 
218.0 -29975.0 
192.0 -27985.0 
246.0 -31640.0 
183.0 -27265.0 
270.0 -32390.0 
254.0 -32020.0 
230.0 -30785.0 
182.0 -27150.0 
191.0 -27895.0 
186.0 -27480.0 
178.0 -26850.0 
204.0 -28945.0 
200.0 -28615.0 
212.0 -29540.0 
238.0 -31260.0 
246.0 -31640.0 
270.0 -32390.0 
270.0 -32390.0 
270.0 -32390.0 
254.0 -32020.0 
218.0 -29975.0 
211.0 -29425.0 
223.0 -30305.0 
246.0 -31640.0 
262.0 -32210.0 
262.0 -32210.0 
238.0 -31260.0 
182.0 -27150.0 
225.0 -30455.0 
222.0 -30190.0 
270.0 -32390.0 
218.0 -29975.0 
262.0 -32210.0 
254.0 -32020.0 
204.0 -28945.0 
233.0 -30930.0 
249.0 -31690.0 
207.0 -29095.0 
201.0 -28660.0 
185.0 -27375.0 
191.0 -27895.0 
246.0 -31640.0 
241.0 -31310.0 
238.0 -31260.0 
230.0 -30785.0 
215.0 -29710.0 
230.0 -30785.0 
223.0 -30305.0 
196.0 -28315.0 
218.0 -29975.0 
238.0 -31260.0 
270.0 -32390.0 
204.0 -28945.0 
204.0 -28945.0 
210.0 -29380.0 
225.0 -30455.0 
218.0 -29975.0 
187.0 -27595.0 
183.0 -27265.0 
238.0 -31260.0 
212.0 -29540.0 
230.0 -30785.0 
195.0 -28225.0 
178.0 -26850.0 
192.0 -27985.0 
200.0 -28615.0 
246.0 -31640.0 
254.0 -32020.0 
187.0 -27595.0 
254.0 -32020.0 
230.0 -30785.0 
182.0 -27150.0 
246.0 -31640.0 
178.0 -26850.0 
187.0 -27595.0 
218.0 -29975.0 
254.0 -32020.0 
270.0 -32390.0 
270.0 -32390.0 
188.0 -27640.0 
246.0 -31640.0 
238.0 -31260.0 
196.0 -28315.0 
192.0 -27985.0 
225.0 -30455.0 
230.0 -30785.0 
233.0 -30930.0 
254.0 -32020.0 
222.0 -30190.0 
218.0 -29975.0 
254.0 -32020.0 
262.0 -32210.0 
262.0 -32210.0 
204.0 -28945.0 
210.0 -29380.0 
215.0 -29710.0 
210.0 -29380.0 
249.0 -31690.0 
218.0 -29975.0 
186.0 -27480.0 
225.0 -30455.0 
233.0 -30930.0 
254.0 -32020.0 
183.0 -27265.0 
270.0 -32390.0 
262.0 -32210.0 
241.0 -31310.0 
195.0 -28225.0 
204.0 -28945.0 
201.0 -28660.0 
192.0 -27985.0 
198.0 -28420.0 
211.0 -29425.0 
208.0 -29210.0 
178.0 -26850.0 
215.0 -29710.0 
222.0 -30190.0 
246.0 -31640.0 
176.0 -26655.0 
246.0 -31640.0 
223.0 -30305.0 
238.0 -31260.0 
192.0 -27985.0 
212.0 -29540.0 
218.0 -29975.0 
187.0 -27595.0 
210.0 -29380.0 
183.0 -27265.0 
254.0 -32020.0 
230.0 -30785.0 
246.0 -31640.0 
204.0 -28945.0 
218.0 -29975.0 
187.0 -27595.0 
225.0 -30455.0 
196.0 -28315.0 
183.0 -27265.0 
230.0 -30785.0 
204.0 -28945.0 
254.0 -32020.0 
200.0 -28615.0 
195.0 -28225.0 
238.0 -31260.0 
270.0 -32390.0 
178.0 -26850.0 
229.0 -30600.0 
210.0 -29380.0 
206.0 -29050.0 
185.0 -27375.0 
241.0 -31310.0 
246.0 -31640.0 
270.0 -32390.0 
254.0 -32020.0 
270.0 -32390.0 
270.0 -32390.0 
212.0 -29540.0 
218.0 -29975.0 
196.0 -28315.0 
225.0 -30455.0 
204.0 -28945.0 
246.0 -31640.0 
246.0 -31640.0 
254.0 -32020.0 
222.0 -30190.0 
233.0 -30930.0 
238.0 -31260.0 
254.0 -32020.0 
262.0 -32210.0 
262.0 -32210.0 
238.0 -31260.0 
185.0 -27375.0 
249.0 -31690.0 
182.0 -27150.0 
217.0 -29870.0 
211.0 -29425.0 
214.0 -29645.0 
254.0 -32020.0 
262.0 -32210.0 
196.0 -28315.0 
270.0 -32390.0 
191.0 -27895.0 
194.0 -28075.0 
179.0 -26920.0 
202.0 -28750.0 
221.0 -30125.0 
199.0 -28490.0 
188.0 -27640.0 
208.0 -29210.0 
246.0 -31640.0 
185.0 -27375.0 
241.0 -31310.0 
233.0 -30930.0 
176.0 -26655.0 
229.0 -30600.0 
225.0 -30455.0 
237.0 -30980.0 
218.0 -29975.0 
230.0 -30785.0 
218.0 -29975.0 
212.0 -29540.0 
192.0 -27985.0 
187.0 -27595.0 
178.0 -26850.0 
210.0 -29380.0 
225.0 -30455.0 
195.0 -28225.0 
254.0 -32020.0 
254.0 -32020.0 
187.0 -27595.0 
196.0 -28315.0 
178.0 -26850.0 
246.0 -31640.0 
238.0 -31260.0 
238.0 -31260.0 
270.0 -32390.0 
223.0 -30305.0 
204.0 -28945.0 
204.0 -28945.0 
200.0 -28615.0 
183.0 -27265.0 
230.0 -30785.0 
218.0 -29975.0 
198.0 -28420.0 
202.0 -28750.0 
206.0 -29050.0 
210.0 -29380.0 
238.0 -31260.0 
254.0 -32020.0 
270.0 -32390.0 
246.0 -31640.0 
270.0 -32390.0 
270.0 -32390.0 
254.0 -32020.0 
233.0 -30930.0 
229.0 -30600.0 
262.0 -32210.0 
262.0 -32210.0 
221.0 -30125.0 
218.0 -29975.0 
233.0 -30930.0 
246.0 -31640.0 
214.0 -29645.0 
187.0 -27595.0 
190.0 -27745.0 
222.0 -30190.0 
270.0 -32390.0 
182.0 -27150.0 
219.0 -30020.0 
216.0 -29755.0 
262.0 -32210.0 
241.0 -31310.0 
212.0 -29540.0 
254.0 -32020.0 
196.0 -28315.0 
233.0 -30930.0 
249.0 -31690.0 
209.0 -29275.0 
179.0 -26920.0 
193.0 -28030.0 
225.0 -30455.0 
246.0 -31640.0 
185.0 -27375.0 
238.0 -31260.0 
206.0 -29050.0 
230.0 -30785.0 
227.0 -30495.0 
195.0 -28225.0 
238.0 -31260.0 
218.0 -29975.0 
238.0 -31260.0 
192.0 -27985.0 
225.0 -30455.0 
200.0 -28615.0 
204.0 -28945.0 
230.0 -30785.0 
230.0 -30785.0 
218.0 -29975.0 
187.0 -27595.0 
187.0 -27595.0 
210.0 -29380.0 
178.0 -26850.0 
212.0 -29540.0 
183.0 -27265.0 
204.0 -28945.0 
246.0 -31640.0 
246.0 -31640.0 
223.0 -30305.0 
196.0 -28315.0 
254.0 -32020.0 
178.0 -26850.0 
254.0 -32020.0 
270.0 -32390.0 
210.0 -29380.0 
218.0 -29975.0 
225.0 -30455.0 
230.0 -30785.0 
178.0 -26850.0 
241.0 -31310.0 
246.0 -31640.0 
270.0 -32390.0 
254.0 -32020.0 
270.0 -32390.0 
270.0 -32390.0 
214.0 -29645.0 
179.0 -26920.0 
254.0 -32020.0 
246.0 -31640.0 
187.0 -27595.0 
254.0 -32020.0 
262.0 -32210.0 
262.0 -32210.0 
238.0 -31260.0 
238.0 -31260.0 
246.0 -31640.0 
225.0 -30455.0 
215.0 -29710.0 
241.0 -31310.0 
233.0 -30930.0 
222.0 -30190.0 
270.0 -32390.0 
262.0 -32210.0 
218.0 -29975.0 
186.0 -27480.0 
180.0 -26985.0 
254.0 -32020.0 
249.0 -31690.0 
183.0 -27265.0 
177.0 -26735.0 
189.0 -27705.0 
204.0 -28945.0 
211.0 -29425.0 
201.0 -28660.0 
238.0 -31260.0 
195.0 -28225.0 
208.0 -29210.0 
245.0 -31360.0 
246.0 -31640.0 
187.0 -27595.0 
178.0 -26850.0 
210.0 -29380.0 
238.0 -31260.0 
223.0 -30305.0 
230.0 -30785.0 
246.0 -31640.0 
212.0 -29540.0 
218.0 -29975.0 
192.0 -27985.0 
196.0 -28315.0 
262.0 -32210.0 
254.0 -32020.0 
230.0 -30785.0 
187.0 -27595.0 
225.0 -30455.0 
238.0 -31260.0 
204.0 -28945.0 
195.0 -28225.0 
183.0 -27265.0 
246.0 -31640.0 
218.0 -29975.0 
204.0 -28945.0 
200.0 -28615.0 
270.0 -32390.0 
178.0 -26850.0 
254.0 -32020.0 
200.0 -28615.0 
185.0 -27375.0 
238.0 -31260.0 
214.0 -29645.0 
270.0 -32390.0 
210.0 -29380.0 
202.0 -28750.0 
206.0 -29050.0 
254.0 -32020.0 
246.0 -31640.0 
270.0 -32390.0 
270.0 -32390.0 
254.0 -32020.0 
204.0 -28945.0 
195.0 -28225.0 
183.0 -27265.0 
238.0 -31260.0 
246.0 -31640.0 
223.0 -30305.0 
262.0 -32210.0 
262.0 -32210.0 
211.0 -29425.0 
191.0 -27895.0 
187.0 -27595.0 
187.0 -27595.0 
191.0 -27895.0 
246.0 -31640.0 
218.0 -29975.0 
186.0 -27480.0 
196.0 -28315.0 
233.0 -30930.0 
194.0 -28075.0 
241.0 -31310.0 
262.0 -32210.0 
270.0 -32390.0 
199.0 -28490.0 
254.0 -32020.0 
222.0 -30190.0 
202.0 -28750.0 
225.0 -30455.0 
189.0 -27705.0 
249.0 -31690.0 
178.0 -26850.0 
238.0 -31260.0 
212.0 -29540.0 
215.0 -29710.0 
196.0 -28315.0 
218.0 -29975.0 
225.0 -30455.0 
204.0 -28945.0 
183.0 -27265.0 
223.0 -30305.0 
178.0 -26850.0 
196.0 -28315.0 
254.0 -32020.0 
218.0 -29975.0 
192.0 -27985.0 
200.0 -28615.0 
238.0 -31260.0 
187.0 -27595.0 
178.0 -26850.0 
204.0 -28945.0 
238.0 -31260.0 
246.0 -31640.0 
210.0 -29380.0 
212.0 -29540.0 
187.0 -27595.0 
254.0 -32020.0 
230.0 -30785.0 
254.0 -32020.0 
270.0 -32390.0 
230.0 -30785.0 
208.0 -29210.0 
187.0 -27595.0 
241.0 -31310.0 
216.0 -29755.0 
196.0 -28315.0 
204.0 -28945.0 
200.0 -28615.0 
237.0 -30980.0 
192.0 -27985.0 
249.0 -31690.0 
229.0 -30600.0 
223.0 -30305.0 
270.0 -32390.0 
270.0 -32390.0 
178.0 -26850.0 
238.0 -31260.0 
225.0 -30455.0 
210.0 -29380.0 
246.0 -31640.0 
254.0 -32020.0 
212.0 -29540.0 
262.0 -32210.0 
262.0 -32210.0 
218.0 -29975.0 
254.0 -32020.0 
195.0 -28225.0 
198.0 -28420.0 
270.0 -32390.0 
249.0 -31690.0 
212.0 -29540.0 
201.0 -28660.0 
177.0 -26735.0 
219.0 -30020.0 
192.0 -27985.0 
183.0 -27265.0 
186.0 -27480.0 
222.0 -30190.0 
262.0 -32210.0 
204.0 -28945.0 
216.0 -29755.0 
189.0 -27705.0 
180.0 -26985.0 
208.0 -29210.0 
233.0 -30930.0 
238.0 -31260.0 
241.0 -31310.0 
225.0 -30455.0 
246.0 -31640.0 
187.0 -27595.0 
187.0 -27595.0 
230.0 -30785.0 
179.0 -26920.0 
195.0 -28225.0 
210.0 -29380.0 
200.0 -28615.0 
230.0 -30785.0 
246.0 -31640.0 
204.0 -28945.0 
204.0 -28945.0 
192.0 -27985.0 
270.0 -32390.0 
178.0 -26850.0 
218.0 -29975.0 
262.0 -32210.0 
196.0 -28315.0 
230.0 -30785.0 
254.0 -32020.0 
212.0 -29540.0 
238.0 -31260.0 
210.0 -29380.0 
218.0 -29975.0 
238.0 -31260.0 
246.0 -31640.0 
225.0 -30455.0 
254.0 -32020.0 
223.0 -30305.0 
183.0 -27265.0 
201.0 -28660.0 
187.0 -27595.0 
196.0 -28315.0 
214.0 -29645.0 
218.0 -29975.0 
238.0 -31260.0 
183.0 -27265.0 
270.0 -32390.0 
246.0 -31640.0 
254.0 -32020.0 
270.0 -32390.0 
270.0 -32390.0 
176.0 -26655.0 
229.0 -30600.0 
225.0 -30455.0 
254.0 -32020.0 
221.0 -30125.0 
195.0 -28225.0 
241.0 -31310.0 
233.0 -30930.0 
246.0 -31640.0 
254.0 -32020.0 
262.0 -32210.0 
262.0 -32210.0 
218.0 -29975.0 
246.0 -31640.0 
241.0 -31310.0 
201.0 -28660.0 
233.0 -30930.0 
190.0 -27745.0 
241.0 -31310.0 
181.0 -27030.0 
225.0 -30455.0 
210.0 -29380.0 
178.0 -26850.0 
195.0 -28225.0 
254.0 -32020.0 
262.0 -32210.0 
270.0 -32390.0 
233.0 -30930.0 
207.0 -29095.0 
187.0 -27595.0 
184.0 -27305.0 
192.0 -27985.0 
249.0 -31690.0 
199.0 -28490.0 
221.0 -30125.0 
214.0 -29645.0 
238.0 -31260.0 
246.0 -31640.0 
230.0 -30785.0 
196.0 -28315.0 
212.0 -29540.0 
246.0 -31640.0 
204.0 -28945.0 
218.0 -29975.0 
218.0 -29975.0 
196.0 -28315.0 
204.0 -28945.0 
183.0 -27265.0 
238.0 -31260.0 
192.0 -27985.0 
270.0 -32390.0 
187.0 -27595.0 
178.0 -26850.0 
223.0 -30305.0 
178.0 -26850.0 
238.0 -31260.0 
187.0 -27595.0 
225.0 -30455.0 
210.0 -29380.0 
200.0 -28615.0 
246.0 -31640.0 
230.0 -30785.0 
254.0 -32020.0 
254.0 -32020.0 
182.0 -27150.0 
208.0 -29210.0 
238.0 -31260.0 
221.0 -30125.0 
191.0 -27895.0 
178.0 -26850.0 
187.0 -27595.0 
195.0 -28225.0 
246.0 -31640.0 
270.0 -32390.0 
254.0 -32020.0 
270.0 -32390.0 
270.0 -32390.0 
202.0 -28750.0 
193.0 -28030.0 
241.0 -31310.0 
225.0 -30455.0 
182.0 -27150.0 
254.0 -32020.0 
246.0 -31640.0 
254.0 -32020.0 
262.0 -32210.0 
262.0 -32210.0 
210.0 -29380.0 
246.0 -31640.0 
214.0 -29645.0 
218.0 -29975.0 
214.0 -29645.0 
262.0 -32210.0 
195.0 -28225.0 
254.0 -32020.0 
233.0 -30930.0 
225.0 -30455.0 
186.0 -27480.0 
270.0 -32390.0 
192.0 -27985.0 
210.0 -29380.0 
181.0 -27030.0 
214.0 -29645.0 
178.0 -26850.0 
202.0 -28750.0 
249.0 -31690.0 
206.0 -29050.0 
221.0 -30125.0 
176.0 -26655.0 
183.0 -27265.0 
230.0 -30785.0 
241.0 -31310.0 
246.0 -31640.0 
212.0 -29540.0 
218.0 -29975.0 
238.0 -31260.0 
196.0 -28315.0 
204.0 -28945.0 
270.0 -32390.0 
225.0 -30455.0 
223.0 -30305.0 
218.0 -29975.0 
210.0 -29380.0 
187.0 -27595.0 
196.0 -28315.0 
212.0 -29540.0 
183.0 -27265.0 
204.0 -28945.0 
254.0 -32020.0 
200.0 -28615.0 
254.0 -32020.0 
246.0 -31640.0 
187.0 -27595.0 
238.0 -31260.0 
192.0 -27985.0 
230.0 -30785.0 
230.0 -30785.0 
178.0 -26850.0 
183.0 -27265.0 
246.0 -31640.0 
201.0 -28660.0 
210.0 -29380.0 
214.0 -29645.0 
246.0 -31640.0 
193.0 -28030.0 
270.0 -32390.0 
254.0 -32020.0 
270.0 -32390.0 
270.0 -32390.0 
254.0 -32020.0 
221.0 -30125.0 
238.0 -31260.0 
229.0 -30600.0 
225.0 -30455.0 
246.0 -31640.0 
262.0 -32210.0 
208.0 -29210.0 
262.0 -32210.0 
182.0 -27150.0 
233.0 -30930.0 
233.0 -30930.0 
233.0 -30930.0 
225.0 -30455.0 
182.0 -27150.0 
214.0 -29645.0 
221.0 -30125.0 
210.0 -29380.0 
241.0 -31310.0 
262.0 -32210.0 
185.0 -27375.0 
217.0 -29870.0 
207.0 -29095.0 
270.0 -32390.0 
254.0 -32020.0 
249.0 -31690.0 
188.0 -27640.0 
229.0 -30600.0 
179.0 -26920.0 
201.0 -28660.0 
204.0 -28945.0 
246.0 -31640.0 
223.0 -30305.0 
254.0 -32020.0 
192.0 -27985.0 
200.0 -28615.0 
270.0 -32390.0 
210.0 -29380.0 
196.0 -28315.0 
254.0 -32020.0 
183.0 -27265.0 
218.0 -29975.0 
196.0 -28315.0 
218.0 -29975.0 
204.0 -28945.0 
204.0 -28945.0 
238.0 -31260.0 
230.0 -30785.0 
225.0 -30455.0 
178.0 -26850.0 
178.0 -26850.0 
187.0 -27595.0 
187.0 -27595.0 
230.0 -30785.0 
238.0 -31260.0 
246.0 -31640.0 
212.0 -29540.0 
254.0 -32020.0 
202.0 -28750.0 
224.0 -30350.0 
210.0 -29380.0 
270.0 -32390.0 
246.0 -31640.0 
254.0 -32020.0 
270.0 -32390.0 
270.0 -32390.0 
233.0 -30930.0 
218.0 -29975.0 
246.0 -31640.0 
246.0 -31640.0 
254.0 -32020.0 
225.0 -30455.0 
238.0 -31260.0 
254.0 -32020.0 
262.0 -32210.0 
262.0 -32210.0 
238.0 -31260.0 
201.0 -28660.0 
225.0 -30455.0 
233.0 -30930.0 
241.0 -31310.0 
254.0 -32020.0 
195.0 -28225.0 
186.0 -27480.0 
210.0 -29380.0 
183.0 -27265.0 
218.0 -29975.0 
249.0 -31690.0 
222.0 -30190.0 
192.0 -27985.0 
189.0 -27705.0 
270.0 -32390.0 
178.0 -26850.0 
202.0 -28750.0 
262.0 -32210.0 
206.0 -29050.0 
246.0 -31640.0 
230.0 -30785.0 
230.0 -30785.0 
210.0 -29380.0 
254.0 -32020.0 
230.0 -30785.0 
246.0 -31640.0 
195.0 -28225.0 
254.0 -32020.0 
187.0 -27595.0 
196.0 -28315.0 
210.0 -29380.0 
183.0 -27265.0 
178.0 -26850.0 
178.0 -26850.0 
246.0 -31640.0 
204.0 -28945.0 
223.0 -30305.0 
192.0 -27985.0 
218.0 -29975.0 
218.0 -29975.0 
204.0 -28945.0 
270.0 -32390.0 
200.0 -28615.0 
238.0 -31260.0 
187.0 -27595.0 
212.0 -29540.0 
225.0 -30455.0 
238.0 -31260.0 
206.0 -29050.0 
198.0 -28420.0 
215.0 -29710.0 
186.0 -27480.0 
210.0 -29380.0 
245.0 -31360.0 
202.0 -28750.0 
270.0 -32390.0 
270.0 -32390.0 
270.0 -32390.0 
233.0 -30930.0 
223.0 -30305.0 
241.0 -31310.0 
254.0 -32020.0 
246.0 -31640.0 
254.0 -32020.0 
262.0 -32210.0 
262.0 -32210.0 
218.0 -29975.0 
246.0 -31640.0 
201.0 -28660.0 
218.0 -29975.0 
186.0 -27480.0 
212.0 -29540.0 
233.0 -30930.0 
215.0 -29710.0 
262.0 -32210.0 
195.0 -28225.0 
254.0 -32020.0 
183.0 -27265.0 
206.0 -29050.0 
218.0 -29975.0 
203.0 -28820.0 
222.0 -30190.0 
200.0 -28615.0 
249.0 -31690.0 
192.0 -27985.0 
209.0 -29275.0 
270.0 -32390.0 
198.0 -28420.0 
225.0 -30455.0 
229.0 -30600.0 
241.0 -31310.0 
177.0 -26735.0 
246.0 -31640.0 
218.0 -29975.0 
262.0 -32210.0 
196.0 -28315.0 
204.0 -28945.0 
230.0 -30785.0 
195.0 -28225.0 
187.0 -27595.0 
246.0 -31640.0 
187.0 -27595.0 
254.0 -32020.0 
238.0 -31260.0 
200.0 -28615.0 
178.0 -26850.0 
204.0 -28945.0 
212.0 -29540.0 
218.0 -29975.0 
254.0 -32020.0 
178.0 -26850.0 
183.0 -27265.0 
230.0 -30785.0 
210.0 -29380.0 
192.0 -27985.0 
223.0 -30305.0 
238.0 -31260.0 
225.0 -30455.0 
223.0 -30305.0 
214.0 -29645.0 
218.0 -29975.0 
210.0 -29380.0 
270.0 -32390.0 
270.0 -32390.0 
270.0 -32390.0 
254.0 -32020.0 
225.0 -30455.0 
241.0 -31310.0 
246.0 -31640.0 
233.0 -30930.0 
210.0 -29380.0 
177.0 -26735.0 
262.0 -32210.0 
262.0 -32210.0 
270.0 -32390.0 
233.0 -30930.0 
241.0 -31310.0 
262.0 -32210.0 
218.0 -29975.0 
215.0 -29710.0 
254.0 -32020.0 
249.0 -31690.0 
225.0 -30455.0 
222.0 -30190.0 
180.0 -26985.0 
177.0 -26735.0 
204.0 -28945.0 
211.0 -29425.0 
190.0 -27745.0 
193.0 -28030.0 
238.0 -31260.0 
196.0 -28315.0 
246.0 -31640.0 
187.0 -27595.0 
184.0 -27305.0 
212.0 -29540.0 
204.0 -28945.0 
218.0 -29975.0 
192.0 -27985.0 
187.0 -27595.0 
223.0 -30305.0 
270.0 -32390.0 
246.0 -31640.0 
270.0 -32390.0 
195.0 -28225.0 
230.0 -30785.0 
225.0 -30455.0 
238.0 -31260.0 
178.0 -26850.0 
187.0 -27595.0 
230.0 -30785.0 
210.0 -29380.0 
178.0 -26850.0 
204.0 -28945.0 
238.0 -31260.0 
218.0 -29975.0 
183.0 -27265.0 
246.0 -31640.0 
212.0 -29540.0 
254.0 -32020.0 
196.0 -28315.0 
254.0 -32020.0 
200.0 -28615.0 
238.0 -31260.0 
178.0 -26850.0 
193.0 -28030.0 
215.0 -29710.0 
201.0 -28660.0 
206.0 -29050.0 
246.0 -31640.0 
210.0 -29380.0 
254.0 -32020.0 
270.0 -32390.0 
270.0 -32390.0 
270.0 -32390.0 
254.0 -32020.0 
186.0 -27480.0 
225.0 -30455.0 
249.0 -31690.0 
202.0 -28750.0 
241.0 -31310.0 
210.0 -29380.0 
233.0 -30930.0 
262.0 -32210.0 
262.0 -32210.0 
182.0 -27150.0 
178.0 -26850.0 
178.0 -26850.0 
182.0 -27150.0 
225.0 -30455.0 
254.0 -32020.0 
179.0 -26920.0 
202.0 -28750.0 
182.0 -27150.0 
185.0 -27375.0 
199.0 -28490.0 
196.0 -28315.0 
249.0 -31690.0 
270.0 -32390.0 
222.0 -30190.0 
262.0 -32210.0 
194.0 -28075.0 
233.0 -30930.0 
241.0 -31310.0 
191.0 -27895.0 
209.0 -29275.0 
216.0 -29755.0 
212.0 -29540.0 
219.0 -30020.0 
188.0 -27640.0 
246.0 -31640.0 
238.0 -31260.0 
196.0 -28315.0 
270.0 -32390.0 
178.0 -26850.0 
230.0 -30785.0 
246.0 -31640.0 
230.0 -30785.0 
187.0 -27595.0 
192.0 -27985.0 
225.0 -30455.0 
210.0 -29380.0 
178.0 -26850.0 
187.0 -27595.0 
204.0 -28945.0 
223.0 -30305.0 
204.0 -28945.0 
183.0 -27265.0 
200.0 -28615.0 
218.0 -29975.0 
254.0 -32020.0 
218.0 -29975.0 
254.0 -32020.0 
246.0 -31640.0 
238.0 -31260.0 
196.0 -28315.0 
238.0 -31260.0 
212.0 -29540.0 
270.0 -32390.0 
204.0 -28945.0 
195.0 -28225.0 
187.0 -27595.0 
246.0 -31640.0 
254.0 -32020.0 
211.0 -29425.0 
241.0 -31310.0 
233.0 -30930.0 
270.0 -32390.0 
270.0 -32390.0 
182.0 -27150.0 
254.0 -32020.0 
200.0 -28615.0 
196.0 -28315.0 
214.0 -29645.0 
246.0 -31640.0 
238.0 -31260.0 
225.0 -30455.0 
262.0 -32210.0 
262.0 -32210.0 
214.0 -29645.0 
249.0 -31690.0 
212.0 -29540.0 
254.0 -32020.0 
218.0 -29975.0 
203.0 -28820.0 
262.0 -32210.0 
241.0 -31310.0 
225.0 -30455.0 
233.0 -30930.0 
270.0 -32390.0 
177.0 -26735.0 
187.0 -27595.0 
183.0 -27265.0 
246.0 -31640.0 
209.0 -29275.0 
194.0 -28075.0 
215.0 -29710.0 
180.0 -26985.0 
222.0 -30190.0 
191.0 -27895.0 
238.0 -31260.0 
238.0 -31260.0 
218.0 -29975.0 
183.0 -27265.0 
195.0 -28225.0 
254.0 -32020.0 
196.0 -28315.0 
238.0 -31260.0 
210.0 -29380.0 
225.0 -30455.0 
246.0 -31640.0 
200.0 -28615.0 
178.0 -26850.0 
204.0 -28945.0 
212.0 -29540.0 
230.0 -30785.0 
218.0 -29975.0 
230.0 -30785.0 
254.0 -32020.0 
187.0 -27595.0 
187.0 -27595.0 
179.0 -26920.0 
223.0 -30305.0 
262.0 -32210.0 
270.0 -32390.0 
204.0 -28945.0 
246.0 -31640.0 
218.0 -29975.0 
183.0 -27265.0 
192.0 -27985.0 
187.0 -27595.0 
227.0 -30495.0 
195.0 -28225.0 
233.0 -30930.0 
201.0 -28660.0 
246.0 -31640.0 
254.0 -32020.0 
270.0 -32390.0 
270.0 -32390.0 
270.0 -32390.0 
202.0 -28750.0 
241.0 -31310.0 
214.0 -29645.0 
218.0 -29975.0 
254.0 -32020.0 
186.0 -27480.0 
246.0 -31640.0 
178.0 -26850.0 
254.0 -32020.0 
262.0 -32210.0 
262.0 -32210.0 
246.0 -31640.0 
178.0 -26850.0 
254.0 -32020.0 
241.0 -31310.0 
262.0 -32210.0 
270.0 -32390.0 
225.0 -30455.0 
249.0 -31690.0 
233.0 -30930.0 
199.0 -28490.0 
202.0 -28750.0 
196.0 -28315.0 
187.0 -27595.0 
194.0 -28075.0 
246.0 -31640.0 
230.0 -30785.0 
176.0 -26655.0 
212.0 -29540.0 
219.0 -30020.0 
191.0 -27895.0 
237.0 -30980.0 
178.0 -26850.0 
254.0 -32020.0 
210.0 -29380.0 
254.0 -32020.0 
187.0 -27595.0 
204.0 -28945.0 
218.0 -29975.0 
212.0 -29540.0 
225.0 -30455.0 
218.0 -29975.0 
183.0 -27265.0 
246.0 -31640.0 
246.0 -31640.0 
187.0 -27595.0 
183.0 -27265.0 
196.0 -28315.0 
195.0 -28225.0 
192.0 -27985.0 
223.0 -30305.0 
204.0 -28945.0 
210.0 -29380.0 
200.0 -28615.0 
262.0 -32210.0 
238.0 -31260.0 
238.0 -31260.0 
230.0 -30785.0 
230.0 -30785.0 
270.0 -32390.0 
187.0 -27595.0 
212.0 -29540.0 
195.0 -28225.0 
217.0 -29870.0 
176.0 -26655.0 
183.0 -27265.0 
230.0 -30785.0 
238.0 -31260.0 
270.0 -32390.0 
246.0 -31640.0 
254.0 -32020.0 
