316.0 -17441.0 
338.0 -19566.0 
334.0 -18863.0 
320.0 -17479.0 
322.0 -17515.0 
378.0 -20416.0 
369.0 -19950.0 
358.0 -19765.0 
352.0 -19462.0 
334.0 -17607.0 
338.0 -17726.0 
339.0 -17912.0 
341.0 -18500.0 
321.0 -17293.0 
323.0 -17333.0 
358.0 -19491.0 
397.0 -19591.0 
357.0 -19435.0 
349.0 -17788.0 
355.0 -18464.0 
351.0 -17934.0 
335.0 -16672.0 
327.0 -16341.0 
359.0 -19164.0 
384.0 -19292.0 
357.0 -18199.0 
351.0 -17605.0 
344.0 -16155.0 
382.0 -19000.0 
365.0 -18508.0 
369.0 -18630.0 
404.0 -19276.0 
361.0 -17531.0 
353.0 -16981.0 
357.0 -17378.0 
389.0 -18744.0 
392.0 -18982.0 
397.0 -18991.0 
379.0 -18442.0 
373.0 -18182.0 
382.0 -18545.0 
411.0 -19071.0 
370.0 -17511.0 
364.0 -17437.0 
357.0 -16846.0 
394.0 -18583.0 
406.0 -18809.0 
406.0 -18809.0 
397.0 -18652.0 
401.0 -18720.0 
374.0 -17833.0 
378.0 -17879.0 
392.0 -18308.0 
382.0 -17954.0 
416.0 -18902.0 
364.0 -17309.0 
360.0 -15199.0 
362.0 -16779.0 
410.0 -18809.0 
401.0 -18509.0 
376.0 -17326.0 
381.0 -17395.0 
400.0 -17999.0 
390.0 -17613.0 
389.0 -17592.0 
394.0 -17620.0 
398.0 -17921.0 
396.0 -17873.0 
367.0 -16935.0 
372.0 -17149.0 
372.0 -17149.0 
375.0 -17293.0 
412.0 -18640.0 
412.0 -18640.0 
412.0 -18640.0 
405.0 -18487.0 
405.0 -18487.0 
399.0 -17875.0 
369.0 -15694.0 
370.0 -16171.0 
376.0 -17144.0 
422.0 -18542.0 
413.0 -18530.0 
407.0 -18177.0 
411.0 -18433.0 
408.0 -18263.0 
404.0 -17830.0 
399.0 -17745.0 
406.0 -17835.0 
380.0 -16388.0 
398.0 -17129.0 
390.0 -17075.0 
388.0 -16983.0 
378.0 -15538.0 
387.0 -16652.0 
415.0 -18530.0 
386.0 -15751.0 
392.0 -16823.0 
399.0 -17512.0 
407.0 -18065.0 
