222.0 -21667.0 
239.0 -22881.0 
215.0 -20923.0 
265.0 -24676.0 
253.0 -22985.0 
296.0 -24726.0 
224.0 -21830.0 
259.0 -24336.0 
254.0 -23650.0 
210.0 -20094.0 
222.0 -21310.0 
240.0 -22735.0 
247.0 -22848.0 
216.0 -20712.0 
226.0 -21735.0 
225.0 -21507.0 
276.0 -23913.0 
285.0 -24282.0 
282.0 -24199.0 
294.0 -24300.0 
285.0 -24282.0 
274.0 -23438.0 
272.0 -23418.0 
254.0 -23404.0 
241.0 -22301.0 
242.0 -22618.0 
242.0 -22618.0 
240.0 -22000.0 
248.0 -22691.0 
216.0 -20446.0 
237.0 -21539.0 
230.0 -21441.0 
226.0 -21392.0 
279.0 -23695.0 
278.0 -23619.0 
277.0 -23526.0 
284.0 -23840.0 
305.0 -24168.0 
293.0 -24110.0 
286.0 -24045.0 
265.0 -23348.0 
258.0 -23013.0 
244.0 -22526.0 
242.0 -22097.0 
222.0 -20244.0 
239.0 -21478.0 
226.0 -20618.0 
228.0 -21146.0 
236.0 -21216.0 
280.0 -23653.0 
312.0 -24076.0 
312.0 -24076.0 
312.0 -24076.0 
288.0 -23936.0 
291.0 -24003.0 
286.0 -23757.0 
276.0 -23289.0 
272.0 -23171.0 
274.0 -23287.0 
266.0 -23138.0 
263.0 -22959.0 
253.0 -22508.0 
250.0 -22464.0 
245.0 -21769.0 
227.0 -20516.0 
228.0 -20952.0 
230.0 -21063.0 
238.0 -21160.0 
280.0 -23579.0 
282.0 -23646.0 
294.0 -23831.0 
294.0 -23831.0 
295.0 -23959.0 
293.0 -23771.0 
292.0 -23649.0 
276.0 -23286.0 
264.0 -22700.0 
273.0 -22863.0 
272.0 -22862.0 
258.0 -22499.0 
251.0 -22450.0 
250.0 -21807.0 
245.0 -21688.0 
231.0 -20971.0 
232.0 -21043.0 
230.0 -20511.0 
280.0 -23561.0 
310.0 -23804.0 
310.0 -23804.0 
310.0 -23804.0 
296.0 -23731.0 
295.0 -23622.0 
266.0 -22666.0 
272.0 -22748.0 
279.0 -22758.0 
272.0 -22748.0 
231.0 -19709.0 
310.0 -23722.0 
247.0 -21682.0 
251.0 -22370.0 
