134.0 -20459.0 
234.0 -28952.0 
179.0 -24341.0 
221.0 -27971.0 
260.0 -29315.0 
185.0 -24694.0 
194.0 -25906.0 
252.0 -29249.0 
202.0 -26317.0 
260.0 -29315.0 
232.0 -28438.0 
119.0 -18939.0 
208.0 -26903.0 
282.0 -30736.0 
237.0 -28984.0 
114.0 -17430.0 
232.0 -28438.0 
132.0 -19984.0 
234.0 -28952.0 
113.0 -17103.0 
171.0 -24293.0 
208.0 -26903.0 
292.0 -31012.0 
127.0 -19670.0 
203.0 -26651.0 
191.0 -25412.0 
179.0 -24341.0 
130.0 -19694.0 
208.0 -26903.0 
264.0 -29956.0 
214.0 -27917.0 
189.0 -25240.0 
210.0 -27021.0 
158.0 -22380.0 
121.0 -19112.0 
232.0 -28438.0 
164.0 -23544.0 
212.0 -27330.0 
276.0 -30362.0 
139.0 -21630.0 
163.0 -22506.0 
214.0 -27917.0 
151.0 -22058.0 
168.0 -23758.0 
122.0 -19589.0 
188.0 -25012.0 
158.0 -22380.0 
197.0 -26035.0 
187.0 -24935.0 
117.0 -18242.0 
138.0 -20756.0 
190.0 -25330.0 
273.0 -30072.0 
228.0 -28267.0 
