248.0 -27039.0 
247.0 -26571.0 
248.0 -27039.0 
186.0 -22308.0 
200.0 -22853.0 
247.0 -26571.0 
242.0 -26523.0 
229.0 -26158.0 
226.0 -26040.0 
211.0 -24231.0 
251.0 -27087.0 
248.0 -27039.0 
221.0 -25054.0 
196.0 -22778.0 
205.0 -24111.0 
179.0 -22083.0 
200.0 -22853.0 
189.0 -22122.0 
191.0 -22216.0 
246.0 -26078.0 
233.0 -25891.0 
230.0 -25402.0 
234.0 -25933.0 
254.0 -26803.0 
248.0 -26728.0 
250.0 -26754.0 
223.0 -24276.0 
224.0 -25049.0 
209.0 -23091.0 
216.0 -23749.0 
222.0 -23968.0 
222.0 -23968.0 
212.0 -23598.0 
212.0 -23598.0 
186.0 -21396.0 
204.0 -22541.0 
201.0 -22305.0 
196.0 -22180.0 
192.0 -21576.0 
196.0 -22180.0 
233.0 -25535.0 
231.0 -25296.0 
232.0 -25352.0 
247.0 -25896.0 
241.0 -25677.0 
243.0 -25885.0 
248.0 -26452.0 
248.0 -26452.0 
254.0 -26457.0 
255.0 -26657.0 
223.0 -23996.0 
225.0 -24500.0 
224.0 -24175.0 
230.0 -24833.0 
211.0 -22709.0 
216.0 -23628.0 
222.0 -23666.0 
212.0 -23310.0 
186.0 -21281.0 
210.0 -22495.0 
210.0 -22495.0 
202.0 -22224.0 
193.0 -21422.0 
196.0 -21980.0 
235.0 -25281.0 
241.0 -25406.0 
242.0 -25449.0 
245.0 -25688.0 
251.0 -26273.0 
248.0 -26105.0 
254.0 -26456.0 
229.0 -24228.0 
228.0 -24211.0 
226.0 -24104.0 
226.0 -24104.0 
224.0 -23911.0 
225.0 -23941.0 
234.0 -24788.0 
218.0 -23536.0 
212.0 -23008.0 
214.0 -23071.0 
216.0 -23223.0 
186.0 -21092.0 
188.0 -21246.0 
210.0 -22273.0 
210.0 -22273.0 
211.0 -22443.0 
202.0 -22208.0 
262.0 -26393.0 
191.0 -20875.0 
191.0 -20875.0 
212.0 -22372.0 
224.0 -23356.0 
234.0 -24351.0 
197.0 -21480.0 
248.0 -25790.0 
245.0 -25408.0 
193.0 -20968.0 
218.0 -23131.0 
240.0 -25269.0 
