346.0 -22264.0 
268.0 -19613.0 
290.0 -20032.0 
297.0 -21732.0 
337.0 -21905.0 
288.0 -18459.0 
289.0 -19001.0 
291.0 -19121.0 
314.0 -21022.0 
299.0 -19691.0 
333.0 -21110.0 
304.0 -20811.0 
348.0 -21479.0 
348.0 -21479.0 
289.0 -18166.0 
298.0 -18867.0 
297.0 -18377.0 
310.0 -20678.0 
355.0 -21194.0 
366.0 -21385.0 
350.0 -20961.0 
360.0 -21219.0 
289.0 -17929.0 
292.0 -17980.0 
298.0 -18510.0 
311.0 -20645.0 
310.0 -18695.0 
358.0 -21142.0 
355.0 -20852.0 
371.0 -21186.0 
302.0 -17982.0 
300.0 -17769.0 
303.0 -18267.0 
341.0 -20587.0 
317.0 -19737.0 
311.0 -18884.0 
327.0 -20550.0 
365.0 -21094.0 
366.0 -21114.0 
371.0 -21148.0 
309.0 -18228.0 
305.0 -17892.0 
352.0 -20571.0 
323.0 -19366.0 
324.0 -19496.0 
311.0 -18537.0 
316.0 -18616.0 
311.0 -18537.0 
345.0 -20502.0 
331.0 -19902.0 
329.0 -19504.0 
342.0 -20318.0 
337.0 -20310.0 
371.0 -21034.0 
310.0 -18144.0 
307.0 -17820.0 
306.0 -17560.0 
356.0 -20504.0 
328.0 -19493.0 
326.0 -19340.0 
324.0 -18875.0 
318.0 -18490.0 
345.0 -20454.0 
342.0 -20059.0 
338.0 -20049.0 
373.0 -20984.0 
308.0 -17811.0 
308.0 -17811.0 
307.0 -17424.0 
328.0 -19451.0 
327.0 -18854.0 
323.0 -18052.0 
351.0 -20265.0 
369.0 -20429.0 
338.0 -19566.0 
344.0 -19808.0 
348.0 -19811.0 
374.0 -20790.0 
310.0 -17806.0 
307.0 -17240.0 
334.0 -18863.0 
337.0 -19448.0 
329.0 -18862.0 
335.0 -19091.0 
327.0 -18190.0 
362.0 -20232.0 
358.0 -20157.0 
339.0 -19461.0 
352.0 -19462.0 
355.0 -19708.0 
354.0 -19587.0 
375.0 -20765.0 
374.0 -20712.0 
311.0 -17279.0 
376.0 -20740.0 
329.0 -18286.0 
322.0 -17663.0 
365.0 -20140.0 
344.0 -19403.0 
339.0 -19382.0 
