316.0 -17441.0 
338.0 -19566.0 
334.0 -17607.0 
323.0 -17333.0 
358.0 -19491.0 
370.0 -17511.0 
382.0 -19000.0 
379.0 -18442.0 
369.0 -15694.0 
372.0 -17149.0 
372.0 -17149.0 
406.0 -18809.0 
401.0 -18509.0 
381.0 -17395.0 
398.0 -17921.0 
376.0 -17144.0 
412.0 -18640.0 
412.0 -18640.0 
405.0 -18487.0 
401.0 -17614.0 
402.0 -17635.0 
404.0 -17830.0 
399.0 -16392.0 
380.0 -16388.0 
422.0 -18542.0 
415.0 -18530.0 
413.0 -18120.0 
402.0 -17270.0 
412.0 -17584.0 
397.0 -14466.0 
427.0 -18188.0 
402.0 -14619.0 
405.0 -15739.0 
414.0 -16330.0 
420.0 -17139.0 
427.0 -17387.0 
435.0 -17931.0 
409.0 -14177.0 
426.0 -14868.0 
423.0 -14706.0 
428.0 -17032.0 
436.0 -17923.0 
413.0 -13671.0 
424.0 -13849.0 
428.0 -16563.0 
438.0 -17312.0 
439.0 -17347.0 
415.0 -13538.0 
415.0 -13538.0 
432.0 -16203.0 
438.0 -17298.0 
449.0 -17315.0 
438.0 -14473.0 
443.0 -16792.0 
442.0 -15782.0 
439.0 -14952.0 
443.0 -16792.0 
449.0 -16908.0 
450.0 -17061.0 
441.0 -13336.0 
445.0 -16695.0 
446.0 -16744.0 
444.0 -15726.0 
443.0 -13623.0 
446.0 -16734.0 
444.0 -15067.0 
461.0 -16629.0 
447.0 -16348.0 
446.0 -14658.0 
449.0 -15818.0 
459.0 -16198.0 
449.0 -14337.0 
459.0 -15210.0 
469.0 -16106.0 
466.0 -14754.0 
461.0 -14713.0 
469.0 -16036.0 
462.0 -13835.0 
462.0 -13835.0 
477.0 -15622.0 
478.0 -15884.0 
472.0 -13574.0 
477.0 -14809.0 
487.0 -15360.0 
478.0 -15209.0 
489.0 -13950.0 
497.0 -13820.0 
523.0 -13262.0 
534.0 -13103.0 
461.0 -22763.0 
530.0 -22956.0 
409.0 -22584.0 
396.0 -20001.0 
367.0 -14092.0 
461.0 -22763.0 
409.0 -19377.0 
597.0 -22683.0 
530.0 -21728.0 
413.0 -20183.0 
458.0 -21110.0 
