268.0 -19613.0 
297.0 -21732.0 
299.0 -23469.0 
279.0 -20771.0 
346.0 -22264.0 
304.0 -20811.0 
337.0 -22220.0 
335.0 -22106.0 
305.0 -21992.0 
302.0 -20655.0 
289.0 -20173.0 
283.0 -19859.0 
282.0 -18089.0 
337.0 -21905.0 
314.0 -21022.0 
310.0 -20678.0 
315.0 -21537.0 
290.0 -20032.0 
299.0 -20078.0 
289.0 -19001.0 
287.0 -18904.0 
286.0 -17627.0 
355.0 -21667.0 
311.0 -20645.0 
311.0 -20645.0 
333.0 -21110.0 
348.0 -21479.0 
348.0 -21479.0 
350.0 -21524.0 
345.0 -21387.0 
334.0 -21381.0 
291.0 -19121.0 
299.0 -19691.0 
300.0 -19701.0 
288.0 -18459.0 
327.0 -20550.0 
318.0 -20191.0 
316.0 -19752.0 
366.0 -21385.0 
355.0 -21194.0 
350.0 -20961.0 
360.0 -21219.0 
341.0 -20587.0 
342.0 -20898.0 
298.0 -18867.0 
299.0 -19135.0 
310.0 -19220.0 
289.0 -18166.0 
297.0 -18377.0 
294.0 -18254.0 
333.0 -20508.0 
331.0 -19902.0 
326.0 -19792.0 
317.0 -19737.0 
358.0 -21142.0 
355.0 -20972.0 
371.0 -21186.0 
352.0 -20571.0 
298.0 -18510.0 
305.0 -18570.0 
310.0 -18695.0 
311.0 -18884.0 
289.0 -17929.0 
292.0 -17980.0 
345.0 -20502.0 
342.0 -20318.0 
337.0 -20310.0 
336.0 -19937.0 
323.0 -19366.0 
324.0 -19496.0 
329.0 -19678.0 
365.0 -21094.0 
366.0 -21114.0 
355.0 -20899.0 
371.0 -21148.0 
302.0 -17982.0 
303.0 -18267.0 
311.0 -18537.0 
316.0 -18616.0 
311.0 -18537.0 
300.0 -17769.0 
292.0 -17761.0 
345.0 -20454.0 
351.0 -20473.0 
337.0 -20269.0 
323.0 -18944.0 
328.0 -19493.0 
326.0 -19340.0 
329.0 -19504.0 
332.0 -19515.0 
355.0 -20852.0 
371.0 -21034.0 
373.0 -21093.0 
309.0 -18228.0 
305.0 -17892.0 
318.0 -18490.0 
300.0 -17431.0 
373.0 -20984.0 
306.0 -17560.0 
324.0 -18875.0 
