217.0 -28489.0 
197.0 -27404.0 
217.0 -28489.0 
153.0 -23597.0 
196.0 -27092.0 
217.0 -28489.0 
192.0 -26704.0 
217.0 -28489.0 
166.0 -24894.0 
183.0 -26019.0 
148.0 -23330.0 
199.0 -27610.0 
146.0 -22965.0 
165.0 -24732.0 
192.0 -26704.0 
165.0 -24732.0 
171.0 -25479.0 
199.0 -27610.0 
168.0 -25155.0 
192.0 -26704.0 
203.0 -27844.0 
185.0 -26204.0 
187.0 -26577.0 
146.0 -22965.0 
206.0 -28149.0 
178.0 -25854.0 
159.0 -24205.0 
163.0 -24660.0 
221.0 -28420.0 
221.0 -28420.0 
221.0 -28420.0 
221.0 -28420.0 
221.0 -28420.0 
218.0 -28411.0 
184.0 -25893.0 
184.0 -25893.0 
184.0 -25893.0 
149.0 -23060.0 
155.0 -23312.0 
172.0 -25414.0 
202.0 -27480.0 
201.0 -27460.0 
202.0 -27480.0 
200.0 -26956.0 
199.0 -26767.0 
195.0 -26627.0 
205.0 -27560.0 
193.0 -26505.0 
188.0 -26426.0 
206.0 -27750.0 
209.0 -28074.0 
181.0 -25620.0 
178.0 -25434.0 
178.0 -25434.0 
178.0 -25434.0 
178.0 -25434.0 
161.0 -23976.0 
159.0 -23526.0 
160.0 -23696.0 
162.0 -24087.0 
165.0 -24321.0 
165.0 -24321.0 
167.0 -24483.0 
167.0 -24483.0 
164.0 -24111.0 
169.0 -24563.0 
219.0 -28358.0 
184.0 -25806.0 
150.0 -22792.0 
154.0 -23034.0 
154.0 -23034.0 
177.0 -25276.0 
177.0 -25276.0 
175.0 -24802.0 
172.0 -24738.0 
203.0 -27253.0 
200.0 -26887.0 
199.0 -26626.0 
198.0 -26509.0 
198.0 -26509.0 
198.0 -26509.0 
198.0 -26509.0 
190.0 -26375.0 
190.0 -26375.0 
206.0 -27639.0 
213.0 -27940.0 
211.0 -27815.0 
218.0 -28052.0 
209.0 -27695.0 
181.0 -25517.0 
182.0 -25574.0 
180.0 -25290.0 
159.0 -23076.0 
160.0 -23506.0 
167.0 -24117.0 
165.0 -24093.0 
169.0 -24429.0 
223.0 -28356.0 
223.0 -28356.0 
158.0 -22909.0 
