232.0 -27816.0 
178.0 -24561.0 
219.0 -27325.0 
195.0 -26000.0 
167.0 -24117.0 
209.0 -27151.0 
214.0 -27245.0 
198.0 -26509.0 
214.0 -27245.0 
169.0 -24429.0 
224.0 -27733.0 
191.0 -25595.0 
179.0 -24823.0 
185.0 -25423.0 
195.0 -26000.0 
163.0 -22012.0 
209.0 -27151.0 
192.0 -25693.0 
165.0 -22563.0 
190.0 -25480.0 
198.0 -26509.0 
232.0 -27816.0 
221.0 -27583.0 
176.0 -24477.0 
206.0 -26750.0 
217.0 -27209.0 
217.0 -27209.0 
170.0 -23931.0 
172.0 -24172.0 
170.0 -23931.0 
169.0 -23221.0 
173.0 -24404.0 
225.0 -27698.0 
225.0 -27698.0 
191.0 -25539.0 
182.0 -24744.0 
187.0 -24890.0 
188.0 -25299.0 
163.0 -21795.0 
163.0 -21795.0 
163.0 -21795.0 
163.0 -21795.0 
164.0 -21810.0 
210.0 -27080.0 
210.0 -27080.0 
210.0 -27080.0 
216.0 -27102.0 
192.0 -25595.0 
165.0 -22285.0 
167.0 -22504.0 
205.0 -26500.0 
198.0 -26472.0 
236.0 -27773.0 
236.0 -27773.0 
222.0 -27570.0 
221.0 -27367.0 
222.0 -27570.0 
222.0 -27570.0 
217.0 -27148.0 
217.0 -27148.0 
220.0 -27205.0 
170.0 -23235.0 
171.0 -23653.0 
169.0 -22630.0 
169.0 -22630.0 
176.0 -24189.0 
177.0 -24201.0 
180.0 -24364.0 
174.0 -24126.0 
173.0 -23825.0 
228.0 -27674.0 
226.0 -27669.0 
182.0 -24667.0 
187.0 -24780.0 
188.0 -25195.0 
188.0 -25195.0 
211.0 -26776.0 
213.0 -26818.0 
213.0 -26818.0 
214.0 -26833.0 
216.0 -26937.0 
194.0 -25439.0 
192.0 -25376.0 
166.0 -22267.0 
168.0 -22433.0 
209.0 -26493.0 
198.0 -25683.0 
199.0 -26036.0 
200.0 -26259.0 
201.0 -26465.0 
225.0 -27489.0 
225.0 -27489.0 
237.0 -27647.0 
237.0 -27647.0 
166.0 -22146.0 
227.0 -27524.0 
171.0 -23240.0 
176.0 -24007.0 
219.0 -27024.0 
214.0 -26730.0 
