190.0 -24113.0 
185.0 -22892.0 
180.0 -22586.0 
196.0 -24143.0 
218.0 -27001.0 
187.0 -23522.0 
200.0 -24431.0 
183.0 -22820.0 
181.0 -22771.0 
201.0 -25386.0 
187.0 -23522.0 
167.0 -22125.0 
209.0 -26256.0 
222.0 -27570.0 
186.0 -23318.0 
220.0 -27205.0 
193.0 -23810.0 
192.0 -23735.0 
195.0 -23890.0 
191.0 -23534.0 
198.0 -24083.0 
181.0 -22569.0 
183.0 -22770.0 
201.0 -24670.0 
208.0 -24826.0 
203.0 -24788.0 
188.0 -23331.0 
179.0 -22083.0 
210.0 -25288.0 
211.0 -25898.0 
242.0 -27502.0 
238.0 -27429.0 
226.0 -27315.0 
242.0 -27502.0 
186.0 -22850.0 
225.0 -26503.0 
223.0 -26198.0 
224.0 -26373.0 
197.0 -23816.0 
196.0 -23801.0 
191.0 -23517.0 
200.0 -23872.0 
181.0 -22265.0 
183.0 -22511.0 
202.0 -24441.0 
201.0 -23894.0 
201.0 -23894.0 
205.0 -24478.0 
207.0 -24660.0 
188.0 -23158.0 
189.0 -23315.0 
210.0 -25188.0 
214.0 -25896.0 
211.0 -25620.0 
231.0 -27219.0 
238.0 -27305.0 
186.0 -22796.0 
228.0 -26393.0 
226.0 -26221.0 
226.0 -26221.0 
196.0 -23611.0 
193.0 -23343.0 
195.0 -23408.0 
181.0 -21799.0 
184.0 -22291.0 
183.0 -22020.0 
183.0 -22020.0 
202.0 -24073.0 
203.0 -24135.0 
207.0 -24276.0 
209.0 -24480.0 
188.0 -22863.0 
190.0 -23285.0 
216.0 -25732.0 
220.0 -25775.0 
213.0 -25459.0 
212.0 -25270.0 
211.0 -24481.0 
231.0 -27054.0 
238.0 -27067.0 
245.0 -27256.0 
247.0 -27278.0 
241.0 -27229.0 
187.0 -22552.0 
186.0 -22308.0 
186.0 -22308.0 
186.0 -22308.0 
226.0 -26040.0 
227.0 -26167.0 
181.0 -21342.0 
245.0 -27226.0 
245.0 -27226.0 
216.0 -25693.0 
229.0 -26158.0 
198.0 -23596.0 
210.0 -24361.0 
189.0 -22652.0 
202.0 -23982.0 
239.0 -27007.0 
205.0 -24121.0 
