218.0 -27001.0 
167.0 -22125.0 
209.0 -26256.0 
222.0 -27570.0 
220.0 -27205.0 
202.0 -26073.0 
167.0 -22125.0 
189.0 -24371.0 
204.0 -26203.0 
195.0 -24836.0 
182.0 -24195.0 
198.0 -25106.0 
218.0 -27001.0 
167.0 -22125.0 
215.0 -26408.0 
177.0 -23865.0 
213.0 -26293.0 
218.0 -27001.0 
163.0 -21795.0 
191.0 -24749.0 
175.0 -22310.0 
199.0 -25723.0 
242.0 -27502.0 
242.0 -27502.0 
225.0 -27489.0 
239.0 -27496.0 
225.0 -27489.0 
211.0 -26084.0 
212.0 -26175.0 
204.0 -26033.0 
190.0 -24113.0 
198.0 -24888.0 
216.0 -26375.0 
215.0 -26330.0 
178.0 -23865.0 
177.0 -22947.0 
218.0 -26745.0 
174.0 -21534.0 
194.0 -24352.0 
201.0 -25386.0 
201.0 -25386.0 
238.0 -27429.0 
226.0 -27315.0 
226.0 -27315.0 
244.0 -27446.0 
232.0 -27421.0 
213.0 -26171.0 
208.0 -25940.0 
204.0 -25787.0 
193.0 -23903.0 
200.0 -24431.0 
188.0 -23763.0 
181.0 -23565.0 
180.0 -22586.0 
178.0 -22083.0 
177.0 -21808.0 
218.0 -26450.0 
225.0 -26503.0 
223.0 -26454.0 
198.0 -24255.0 
196.0 -24159.0 
203.0 -24955.0 
201.0 -24670.0 
202.0 -24804.0 
242.0 -27428.0 
231.0 -27219.0 
226.0 -26819.0 
227.0 -27014.0 
238.0 -27305.0 
216.0 -26033.0 
211.0 -25898.0 
211.0 -25898.0 
207.0 -25667.0 
204.0 -25310.0 
195.0 -23890.0 
193.0 -23831.0 
192.0 -23735.0 
187.0 -23522.0 
187.0 -23522.0 
186.0 -23318.0 
187.0 -23522.0 
181.0 -23252.0 
190.0 -23546.0 
180.0 -22562.0 
179.0 -22083.0 
179.0 -22083.0 
178.0 -21699.0 
218.0 -26339.0 
225.0 -26482.0 
224.0 -26373.0 
196.0 -24143.0 
201.0 -24171.0 
203.0 -24788.0 
202.0 -24441.0 
243.0 -27350.0 
179.0 -21859.0 
230.0 -26925.0 
224.0 -26098.0 
214.0 -25896.0 
239.0 -27228.0 
