226.0 -21735.0 
222.0 -21667.0 
239.0 -22881.0 
215.0 -20923.0 
265.0 -24676.0 
253.0 -22985.0 
225.0 -21507.0 
222.0 -21310.0 
240.0 -22735.0 
274.0 -23438.0 
272.0 -23418.0 
276.0 -23913.0 
265.0 -23348.0 
285.0 -24282.0 
230.0 -21441.0 
226.0 -21392.0 
239.0 -21478.0 
222.0 -20244.0 
241.0 -22301.0 
242.0 -22618.0 
248.0 -22691.0 
242.0 -22618.0 
264.0 -22700.0 
240.0 -22000.0 
284.0 -23840.0 
279.0 -23695.0 
276.0 -23289.0 
272.0 -23171.0 
274.0 -23287.0 
266.0 -23138.0 
305.0 -24168.0 
288.0 -23936.0 
291.0 -24003.0 
238.0 -21160.0 
226.0 -20618.0 
228.0 -21146.0 
244.0 -22526.0 
242.0 -22097.0 
286.0 -23757.0 
280.0 -23653.0 
273.0 -22863.0 
266.0 -22666.0 
272.0 -22862.0 
312.0 -24076.0 
312.0 -24076.0 
312.0 -24076.0 
294.0 -23831.0 
294.0 -23831.0 
295.0 -23959.0 
227.0 -20516.0 
231.0 -20971.0 
228.0 -20952.0 
232.0 -21043.0 
253.0 -22508.0 
251.0 -22450.0 
250.0 -21807.0 
245.0 -21769.0 
280.0 -23579.0 
282.0 -23646.0 
271.0 -22607.0 
272.0 -22748.0 
279.0 -22758.0 
310.0 -23804.0 
310.0 -23804.0 
310.0 -23804.0 
231.0 -19709.0 
236.0 -20770.0 
233.0 -20496.0 
233.0 -20496.0 
258.0 -22499.0 
251.0 -22370.0 
245.0 -21688.0 
280.0 -23561.0 
295.0 -23622.0 
277.0 -22610.0 
310.0 -23722.0 
243.0 -20727.0 
239.0 -20485.0 
239.0 -20485.0 
233.0 -20221.0 
267.0 -22395.0 
272.0 -22440.0 
255.0 -22044.0 
251.0 -21701.0 
257.0 -22328.0 
246.0 -21114.0 
247.0 -21682.0 
280.0 -22970.0 
280.0 -22970.0 
283.0 -22998.0 
286.0 -23483.0 
295.0 -23515.0 
297.0 -23591.0 
278.0 -22566.0 
318.0 -23629.0 
236.0 -19546.0 
310.0 -23545.0 
238.0 -20138.0 
246.0 -20988.0 
295.0 -23480.0 
