268.0 -19613.0 
299.0 -23469.0 
279.0 -20771.0 
294.0 -22884.0 
314.0 -23506.0 
299.0 -23469.0 
289.0 -20173.0 
283.0 -19859.0 
282.0 -18089.0 
292.0 -20644.0 
297.0 -21732.0 
305.0 -21992.0 
328.0 -22553.0 
290.0 -20032.0 
286.0 -19359.0 
285.0 -18850.0 
288.0 -19459.0 
304.0 -20811.0 
302.0 -20655.0 
299.0 -20078.0 
307.0 -21602.0 
317.0 -21900.0 
331.0 -22279.0 
294.0 -19996.0 
287.0 -18904.0 
285.0 -18135.0 
289.0 -19001.0 
291.0 -19121.0 
306.0 -20359.0 
302.0 -20019.0 
314.0 -21022.0 
310.0 -20678.0 
315.0 -21537.0 
307.0 -20378.0 
317.0 -21682.0 
318.0 -21710.0 
346.0 -22264.0 
337.0 -22220.0 
335.0 -22106.0 
299.0 -19691.0 
300.0 -19701.0 
294.0 -19324.0 
288.0 -18459.0 
286.0 -17627.0 
306.0 -20109.0 
311.0 -20645.0 
311.0 -20645.0 
310.0 -20620.0 
320.0 -21485.0 
337.0 -21905.0 
347.0 -22017.0 
294.0 -19266.0 
289.0 -18166.0 
288.0 -17853.0 
286.0 -17521.0 
307.0 -19739.0 
310.0 -19920.0 
314.0 -20396.0 
334.0 -21381.0 
321.0 -21165.0 
339.0 -21434.0 
355.0 -21667.0 
348.0 -21479.0 
348.0 -21479.0 
350.0 -21524.0 
299.0 -19135.0 
294.0 -18254.0 
296.0 -19025.0 
289.0 -17929.0 
292.0 -17980.0 
309.0 -19141.0 
310.0 -19220.0 
318.0 -20191.0 
316.0 -19752.0 
333.0 -21110.0 
321.0 -20644.0 
345.0 -21387.0 
303.0 -19071.0 
298.0 -18867.0 
297.0 -18762.0 
292.0 -17761.0 
311.0 -19146.0 
317.0 -19737.0 
337.0 -20690.0 
340.0 -20989.0 
327.0 -20550.0 
326.0 -19792.0 
366.0 -21385.0 
346.0 -20995.0 
353.0 -21367.0 
297.0 -18377.0 
360.0 -21219.0 
319.0 -19622.0 
306.0 -19066.0 
333.0 -20508.0 
305.0 -18570.0 
331.0 -19902.0 
350.0 -20961.0 
327.0 -19889.0 
341.0 -20587.0 
