316.0 -17441.0 
338.0 -19566.0 
334.0 -18863.0 
320.0 -17479.0 
358.0 -19491.0 
352.0 -19462.0 
334.0 -17607.0 
349.0 -17788.0 
338.0 -17726.0 
323.0 -17333.0 
355.0 -18464.0 
359.0 -19164.0 
351.0 -17605.0 
335.0 -16672.0 
382.0 -19000.0 
379.0 -18442.0 
373.0 -18182.0 
411.0 -19071.0 
361.0 -17531.0 
353.0 -16981.0 
406.0 -18809.0 
406.0 -18809.0 
389.0 -18744.0 
374.0 -17833.0 
370.0 -17511.0 
360.0 -15199.0 
367.0 -16935.0 
362.0 -16779.0 
397.0 -18652.0 
390.0 -17613.0 
389.0 -17592.0 
394.0 -17620.0 
372.0 -17149.0 
372.0 -17149.0 
381.0 -17395.0 
369.0 -15694.0 
370.0 -16171.0 
401.0 -18509.0 
398.0 -17921.0 
412.0 -18640.0 
412.0 -18640.0 
400.0 -17999.0 
376.0 -17144.0 
405.0 -18487.0 
405.0 -18487.0 
399.0 -17512.0 
422.0 -18542.0 
415.0 -18530.0 
401.0 -17614.0 
402.0 -17635.0 
404.0 -17830.0 
380.0 -16388.0 
407.0 -18177.0 
399.0 -16392.0 
399.0 -16392.0 
418.0 -18376.0 
402.0 -17270.0 
388.0 -14446.0 
390.0 -15662.0 
413.0 -18120.0 
407.0 -18065.0 
419.0 -18278.0 
405.0 -16747.0 
404.0 -16269.0 
395.0 -15206.0 
412.0 -17584.0 
414.0 -18053.0 
427.0 -18188.0 
409.0 -16314.0 
405.0 -15739.0 
397.0 -14466.0 
402.0 -14619.0 
414.0 -16330.0 
420.0 -17139.0 
422.0 -17722.0 
431.0 -18014.0 
411.0 -14904.0 
409.0 -14177.0 
420.0 -17042.0 
427.0 -17387.0 
435.0 -17931.0 
413.0 -13671.0 
425.0 -16940.0 
421.0 -14812.0 
428.0 -17032.0 
436.0 -17923.0 
415.0 -13538.0 
415.0 -13538.0 
426.0 -14868.0 
427.0 -16187.0 
423.0 -14706.0 
428.0 -16563.0 
432.0 -16645.0 
438.0 -17312.0 
439.0 -17347.0 
436.0 -17063.0 
424.0 -13849.0 
449.0 -17315.0 
438.0 -17298.0 
427.0 -16142.0 
