253.0 -22508.0 
246.0 -20688.0 
276.0 -23289.0 
312.0 -24076.0 
280.0 -23653.0 
294.0 -23831.0 
250.0 -21807.0 
233.0 -20496.0 
273.0 -22188.0 
255.0 -22044.0 
279.0 -22392.0 
279.0 -22392.0 
280.0 -23579.0 
282.0 -23646.0 
310.0 -23804.0 
310.0 -23804.0 
254.0 -20515.0 
239.0 -20485.0 
266.0 -21614.0 
271.0 -21721.0 
265.0 -21373.0 
263.0 -21217.0 
256.0 -21211.0 
280.0 -22628.0 
306.0 -23525.0 
286.0 -23483.0 
283.0 -22998.0 
242.0 -20398.0 
242.0 -20398.0 
269.0 -21491.0 
264.0 -21174.0 
262.0 -20723.0 
311.0 -23521.0 
294.0 -23042.0 
294.0 -23042.0 
292.0 -23021.0 
295.0 -23480.0 
284.0 -22575.0 
290.0 -22669.0 
283.0 -22159.0 
243.0 -19296.0 
247.0 -20332.0 
269.0 -21306.0 
281.0 -21391.0 
280.0 -21312.0 
266.0 -21077.0 
264.0 -20551.0 
314.0 -23506.0 
311.0 -23491.0 
294.0 -22884.0 
299.0 -23469.0 
299.0 -23469.0 
298.0 -23002.0 
285.0 -22538.0 
293.0 -22622.0 
284.0 -21739.0 
246.0 -19292.0 
246.0 -19292.0 
249.0 -20227.0 
249.0 -20227.0 
275.0 -21144.0 
267.0 -20799.0 
269.0 -21061.0 
265.0 -20244.0 
312.0 -23415.0 
309.0 -23150.0 
307.0 -22932.0 
302.0 -22925.0 
289.0 -22321.0 
287.0 -22310.0 
291.0 -22368.0 
291.0 -22368.0 
285.0 -21638.0 
284.0 -21197.0 
257.0 -20175.0 
253.0 -19781.0 
256.0 -19942.0 
250.0 -19261.0 
268.0 -20798.0 
267.0 -20589.0 
271.0 -20799.0 
281.0 -20831.0 
281.0 -20831.0 
317.0 -23383.0 
315.0 -22972.0 
316.0 -23120.0 
308.0 -22742.0 
305.0 -22504.0 
302.0 -22381.0 
290.0 -22077.0 
288.0 -21934.0 
291.0 -22259.0 
298.0 -22305.0 
287.0 -20897.0 
261.0 -20106.0 
255.0 -19692.0 
255.0 -19692.0 
260.0 -19771.0 
254.0 -18961.0 
321.0 -23317.0 
