299.0 -23469.0 
314.0 -23506.0 
299.0 -23469.0 
294.0 -23042.0 
293.0 -22622.0 
269.0 -21306.0 
279.0 -22392.0 
254.0 -20515.0 
242.0 -20398.0 
312.0 -23415.0 
294.0 -22884.0 
307.0 -22932.0 
279.0 -20771.0 
257.0 -20175.0 
254.0 -18961.0 
255.0 -19692.0 
323.0 -22991.0 
297.0 -21732.0 
305.0 -21992.0 
298.0 -21758.0 
317.0 -22875.0 
292.0 -20644.0 
289.0 -20173.0 
261.0 -20106.0 
325.0 -22896.0 
316.0 -21858.0 
313.0 -21662.0 
299.0 -21606.0 
313.0 -21662.0 
317.0 -21900.0 
268.0 -19613.0 
282.0 -20030.0 
290.0 -20032.0 
325.0 -22815.0 
299.0 -20715.0 
307.0 -21602.0 
302.0 -21377.0 
317.0 -21682.0 
318.0 -21710.0 
322.0 -21722.0 
271.0 -18541.0 
279.0 -19110.0 
283.0 -19859.0 
294.0 -19996.0 
298.0 -20023.0 
328.0 -22553.0 
340.0 -22647.0 
299.0 -20078.0 
300.0 -20456.0 
307.0 -21433.0 
310.0 -21584.0 
302.0 -20655.0 
303.0 -20703.0 
304.0 -21148.0 
279.0 -19023.0 
286.0 -19359.0 
288.0 -19459.0 
289.0 -19695.0 
298.0 -19869.0 
331.0 -22279.0 
328.0 -22247.0 
344.0 -22400.0 
343.0 -22379.0 
299.0 -20044.0 
308.0 -21312.0 
315.0 -21537.0 
302.0 -20241.0 
304.0 -20811.0 
282.0 -18089.0 
285.0 -18850.0 
287.0 -18904.0 
289.0 -19001.0 
291.0 -19121.0 
294.0 -19324.0 
329.0 -21944.0 
337.0 -22220.0 
335.0 -22106.0 
346.0 -22264.0 
299.0 -19691.0 
300.0 -19701.0 
312.0 -21238.0 
311.0 -20965.0 
320.0 -21485.0 
317.0 -21295.0 
302.0 -20019.0 
306.0 -20359.0 
307.0 -20378.0 
308.0 -20664.0 
310.0 -20678.0 
285.0 -18135.0 
285.0 -18135.0 
285.0 -18135.0 
288.0 -18459.0 
289.0 -18586.0 
294.0 -19266.0 
346.0 -22207.0 
286.0 -17627.0 
289.0 -18564.0 
303.0 -19505.0 
321.0 -21165.0 
