222.0 -27570.0 
163.0 -21795.0 
221.0 -27367.0 
163.0 -21795.0 
188.0 -25195.0 
163.0 -21795.0 
232.0 -27816.0 
222.0 -27570.0 
178.0 -24561.0 
219.0 -27325.0 
182.0 -24744.0 
165.0 -22285.0 
195.0 -26000.0 
187.0 -24890.0 
167.0 -24117.0 
163.0 -21795.0 
209.0 -27151.0 
214.0 -27245.0 
198.0 -26509.0 
214.0 -27245.0 
169.0 -24429.0 
224.0 -27733.0 
191.0 -25595.0 
190.0 -24910.0 
182.0 -24667.0 
166.0 -22267.0 
167.0 -22504.0 
210.0 -27080.0 
210.0 -27080.0 
210.0 -27080.0 
205.0 -26500.0 
201.0 -26157.0 
200.0 -26010.0 
201.0 -26157.0 
201.0 -26157.0 
199.0 -25723.0 
198.0 -25683.0 
203.0 -26301.0 
217.0 -27209.0 
174.0 -24126.0 
176.0 -24189.0 
181.0 -24337.0 
181.0 -24337.0 
169.0 -22630.0 
169.0 -22630.0 
170.0 -23931.0 
225.0 -27698.0 
192.0 -25595.0 
191.0 -25539.0 
182.0 -24345.0 
189.0 -24420.0 
166.0 -21952.0 
168.0 -22433.0 
167.0 -22143.0 
211.0 -26776.0 
216.0 -26937.0 
213.0 -26818.0 
213.0 -26818.0 
210.0 -26312.0 
200.0 -25975.0 
201.0 -26101.0 
199.0 -25716.0 
204.0 -26203.0 
204.0 -26203.0 
205.0 -26262.0 
203.0 -26146.0 
217.0 -27148.0 
217.0 -27148.0 
220.0 -27205.0 
176.0 -24007.0 
178.0 -24100.0 
175.0 -23470.0 
170.0 -23235.0 
225.0 -27489.0 
225.0 -27489.0 
227.0 -27524.0 
227.0 -27524.0 
237.0 -27647.0 
192.0 -25317.0 
194.0 -25439.0 
191.0 -24749.0 
191.0 -24749.0 
172.0 -22193.0 
238.0 -27622.0 
238.0 -27622.0 
176.0 -23752.0 
212.0 -26647.0 
224.0 -26902.0 
201.0 -25894.0 
196.0 -25251.0 
192.0 -24956.0 
190.0 -24416.0 
231.0 -27509.0 
187.0 -24237.0 
225.0 -27304.0 
182.0 -24195.0 
207.0 -26173.0 
202.0 -26073.0 
181.0 -24085.0 
209.0 -26256.0 
