202.0 -22224.0 
212.0 -23008.0 
245.0 -25688.0 
186.0 -21396.0 
248.0 -27039.0 
216.0 -23749.0 
196.0 -22180.0 
230.0 -24833.0 
210.0 -22495.0 
237.0 -25026.0 
226.0 -24104.0 
210.0 -22495.0 
237.0 -25026.0 
240.0 -25269.0 
222.0 -23968.0 
214.0 -22630.0 
245.0 -25408.0 
254.0 -26803.0 
248.0 -26452.0 
216.0 -23223.0 
218.0 -23536.0 
197.0 -21480.0 
203.0 -22124.0 
201.0 -21604.0 
200.0 -21514.0 
232.0 -24103.0 
238.0 -24538.0 
243.0 -25238.0 
243.0 -25238.0 
241.0 -24768.0 
224.0 -23911.0 
254.0 -26456.0 
250.0 -25578.0 
251.0 -26273.0 
248.0 -25408.0 
216.0 -22933.0 
222.0 -23099.0 
206.0 -22007.0 
207.0 -22107.0 
201.0 -21434.0 
235.0 -23965.0 
241.0 -24633.0 
227.0 -23645.0 
224.0 -23356.0 
258.0 -25829.0 
274.0 -25960.0 
266.0 -25952.0 
248.0 -25384.0 
221.0 -22666.0 
223.0 -22957.0 
206.0 -21958.0 
220.0 -22047.0 
201.0 -21137.0 
240.0 -23832.0 
242.0 -24588.0 
230.0 -23359.0 
224.0 -23121.0 
228.0 -23136.0 
258.0 -25429.0 
258.0 -25429.0 
263.0 -25669.0 
270.0 -25922.0 
251.0 -24961.0 
249.0 -24660.0 
255.0 -25355.0 
223.0 -22325.0 
223.0 -22325.0 
215.0 -21619.0 
209.0 -21142.0 
212.0 -21527.0 
215.0 -21619.0 
221.0 -21784.0 
202.0 -20532.0 
202.0 -20532.0 
208.0 -20821.0 
240.0 -23691.0 
248.0 -24557.0 
246.0 -24373.0 
233.0 -23359.0 
233.0 -23359.0 
225.0 -22910.0 
226.0 -22969.0 
276.0 -25749.0 
205.0 -20428.0 
205.0 -20428.0 
270.0 -25518.0 
246.0 -24321.0 
262.0 -25164.0 
208.0 -20708.0 
257.0 -25013.0 
245.0 -23645.0 
251.0 -24776.0 
225.0 -22573.0 
216.0 -21417.0 
242.0 -23134.0 
223.0 -22279.0 
210.0 -21135.0 
243.0 -23636.0 
212.0 -21146.0 
228.0 -22899.0 
