161.0 -23976.0 
217.0 -28489.0 
197.0 -27404.0 
190.0 -26375.0 
217.0 -28489.0 
178.0 -25434.0 
153.0 -23597.0 
196.0 -27092.0 
206.0 -27750.0 
217.0 -28489.0 
178.0 -25434.0 
211.0 -27815.0 
172.0 -25414.0 
192.0 -26704.0 
217.0 -28489.0 
178.0 -25434.0 
166.0 -24894.0 
213.0 -27940.0 
183.0 -26019.0 
148.0 -23330.0 
199.0 -27610.0 
146.0 -22965.0 
181.0 -25620.0 
165.0 -24732.0 
192.0 -26704.0 
160.0 -23506.0 
209.0 -27695.0 
177.0 -25276.0 
177.0 -25276.0 
221.0 -28420.0 
221.0 -28420.0 
221.0 -28420.0 
221.0 -28420.0 
218.0 -28052.0 
221.0 -28420.0 
219.0 -28358.0 
180.0 -25290.0 
175.0 -24747.0 
215.0 -27883.0 
215.0 -27883.0 
191.0 -25944.0 
184.0 -25893.0 
184.0 -25893.0 
149.0 -23060.0 
159.0 -23076.0 
202.0 -27480.0 
201.0 -27460.0 
205.0 -27560.0 
202.0 -27480.0 
200.0 -26956.0 
181.0 -25517.0 
182.0 -25574.0 
165.0 -24321.0 
165.0 -24321.0 
167.0 -24483.0 
167.0 -24483.0 
195.0 -26627.0 
192.0 -26033.0 
193.0 -26505.0 
223.0 -28356.0 
150.0 -22792.0 
161.0 -23500.0 
165.0 -24093.0 
160.0 -23152.0 
200.0 -26887.0 
179.0 -25157.0 
203.0 -27253.0 
189.0 -25683.0 
176.0 -24710.0 
221.0 -28019.0 
209.0 -27632.0 
191.0 -25915.0 
169.0 -24429.0 
154.0 -23034.0 
185.0 -25475.0 
167.0 -24117.0 
207.0 -27254.0 
193.0 -26105.0 
208.0 -27495.0 
199.0 -26626.0 
215.0 -27716.0 
194.0 -26296.0 
219.0 -27815.0 
154.0 -23034.0 
198.0 -26509.0 
218.0 -27785.0 
172.0 -24447.0 
181.0 -25252.0 
175.0 -24601.0 
215.0 -27716.0 
184.0 -25411.0 
198.0 -26509.0 
194.0 -26296.0 
172.0 -24447.0 
175.0 -24601.0 
182.0 -25274.0 
183.0 -25320.0 
183.0 -25320.0 
198.0 -26509.0 
198.0 -26509.0 
