534.0 -13103.0 
583.0 -19791.0 
492.0 -19692.0 
545.0 -19740.0 
631.0 -20196.0 
604.0 -19992.0 
615.0 -20104.0 
640.0 -21283.0 
526.0 -19624.0 
502.0 -18119.0 
589.0 -19694.0 
611.0 -19832.0 
688.0 -20967.0 
667.0 -20245.0 
648.0 -20222.0 
676.0 -20308.0 
526.0 -19132.0 
584.0 -19623.0 
503.0 -16307.0 
514.0 -17313.0 
634.0 -19757.0 
733.0 -20523.0 
649.0 -19989.0 
731.0 -20278.0 
532.0 -18341.0 
573.0 -19050.0 
562.0 -18766.0 
527.0 -17392.0 
567.0 -18875.0 
585.0 -19605.0 
524.0 -15151.0 
522.0 -14349.0 
663.0 -19757.0 
550.0 -18172.0 
535.0 -17886.0 
527.0 -17366.0 
578.0 -18804.0 
570.0 -18799.0 
631.0 -19591.0 
599.0 -19255.0 
586.0 -19020.0 
611.0 -19286.0 
612.0 -19486.0 
613.0 -19518.0 
551.0 -18101.0 
548.0 -16915.0 
532.0 -16217.0 
528.0 -15569.0 
583.0 -18459.0 
580.0 -18301.0 
663.0 -19536.0 
672.0 -19559.0 
605.0 -19134.0 
592.0 -18573.0 
603.0 -18928.0 
599.0 -18600.0 
613.0 -19492.0 
552.0 -17599.0 
554.0 -17787.0 
532.0 -16210.0 
528.0 -14917.0 
581.0 -17906.0 
603.0 -18825.0 
601.0 -18527.0 
599.0 -18485.0 
643.0 -19149.0 
639.0 -19127.0 
618.0 -18877.0 
657.0 -19439.0 
691.0 -19469.0 
557.0 -17503.0 
556.0 -16958.0 
549.0 -15136.0 
551.0 -15928.0 
594.0 -17508.0 
611.0 -18803.0 
606.0 -18632.0 
600.0 -17821.0 
603.0 -18140.0 
641.0 -18922.0 
644.0 -19109.0 
690.0 -19438.0 
661.0 -19264.0 
661.0 -19264.0 
560.0 -16991.0 
567.0 -17460.0 
557.0 -16439.0 
553.0 -15168.0 
637.0 -18345.0 
614.0 -18321.0 
640.0 -18548.0 
609.0 -18002.0 
612.0 -18005.0 
608.0 -17645.0 
645.0 -19041.0 
684.0 -19244.0 
557.0 -15427.0 
692.0 -19222.0 
647.0 -18739.0 
566.0 -16590.0 
