232.0 -27816.0 
178.0 -24561.0 
167.0 -24117.0 
209.0 -27151.0 
198.0 -26509.0 
169.0 -24429.0 
179.0 -24823.0 
185.0 -25423.0 
209.0 -27151.0 
190.0 -25480.0 
198.0 -26509.0 
232.0 -27816.0 
176.0 -24477.0 
156.0 -22615.0 
191.0 -25737.0 
181.0 -25053.0 
198.0 -26509.0 
202.0 -26665.0 
206.0 -26924.0 
187.0 -25453.0 
217.0 -27572.0 
218.0 -27760.0 
213.0 -27318.0 
179.0 -24823.0 
191.0 -25737.0 
218.0 -27760.0 
215.0 -27351.0 
211.0 -27300.0 
159.0 -22981.0 
172.0 -24447.0 
195.0 -26071.0 
178.0 -24479.0 
170.0 -23931.0 
170.0 -23931.0 
169.0 -23221.0 
171.0 -24210.0 
186.0 -25150.0 
210.0 -27080.0 
210.0 -27080.0 
210.0 -27080.0 
209.0 -26960.0 
190.0 -25474.0 
236.0 -27773.0 
236.0 -27773.0 
156.0 -22255.0 
181.0 -24872.0 
198.0 -26472.0 
198.0 -26472.0 
204.0 -26645.0 
203.0 -26475.0 
206.0 -26896.0 
188.0 -25299.0 
191.0 -25595.0 
192.0 -25693.0 
192.0 -25693.0 
192.0 -25693.0 
224.0 -27733.0 
221.0 -27583.0 
224.0 -27733.0 
224.0 -27733.0 
217.0 -27326.0 
217.0 -27326.0 
214.0 -27245.0 
214.0 -27245.0 
213.0 -27196.0 
165.0 -22563.0 
159.0 -22554.0 
165.0 -22563.0 
173.0 -24404.0 
173.0 -24404.0 
195.0 -26000.0 
195.0 -26000.0 
227.0 -27715.0 
159.0 -22497.0 
170.0 -23235.0 
171.0 -23653.0 
169.0 -22630.0 
196.0 -25929.0 
179.0 -24395.0 
172.0 -24172.0 
206.0 -26750.0 
182.0 -24744.0 
222.0 -27570.0 
188.0 -25195.0 
167.0 -22504.0 
204.0 -26524.0 
195.0 -25688.0 
213.0 -27082.0 
161.0 -22498.0 
201.0 -26465.0 
190.0 -25415.0 
199.0 -26330.0 
185.0 -24755.0 
221.0 -27367.0 
210.0 -26923.0 
216.0 -27102.0 
187.0 -24890.0 
192.0 -25595.0 
217.0 -27241.0 
177.0 -24201.0 
