370.0 -17511.0 
382.0 -19000.0 
379.0 -18442.0 
372.0 -17149.0 
406.0 -18809.0 
401.0 -18509.0 
381.0 -17395.0 
398.0 -17921.0 
412.0 -18640.0 
405.0 -18487.0 
401.0 -17614.0 
422.0 -18542.0 
415.0 -18530.0 
413.0 -18120.0 
402.0 -14619.0 
405.0 -15739.0 
427.0 -18188.0 
413.0 -13671.0 
427.0 -17387.0 
435.0 -17931.0 
415.0 -13538.0 
428.0 -17032.0 
436.0 -17923.0 
449.0 -17315.0 
438.0 -17312.0 
438.0 -14473.0 
443.0 -16792.0 
442.0 -15782.0 
449.0 -16908.0 
439.0 -14952.0 
445.0 -16695.0 
446.0 -16744.0 
444.0 -15726.0 
443.0 -13623.0 
449.0 -15818.0 
461.0 -16629.0 
459.0 -16198.0 
444.0 -15067.0 
459.0 -15210.0 
469.0 -16106.0 
446.0 -14658.0 
466.0 -14754.0 
461.0 -14713.0 
469.0 -16036.0 
462.0 -13835.0 
462.0 -13835.0 
477.0 -15622.0 
478.0 -15884.0 
472.0 -13574.0 
477.0 -14809.0 
487.0 -15360.0 
489.0 -13950.0 
497.0 -13820.0 
523.0 -13262.0 
534.0 -13103.0 
411.0 -19634.0 
461.0 -22763.0 
418.0 -19938.0 
422.0 -20074.0 
413.0 -19420.0 
461.0 -21444.0 
555.0 -22306.0 
597.0 -22683.0 
466.0 -21528.0 
467.0 -21603.0 
457.0 -20061.0 
450.0 -19870.0 
413.0 -12530.0 
421.0 -19274.0 
465.0 -21263.0 
557.0 -22155.0 
599.0 -22394.0 
526.0 -21596.0 
472.0 -21483.0 
452.0 -19713.0 
430.0 -19117.0 
438.0 -19190.0 
466.0 -20043.0 
471.0 -20459.0 
565.0 -21923.0 
597.0 -22018.0 
559.0 -21823.0 
617.0 -22172.0 
665.0 -22204.0 
533.0 -21550.0 
517.0 -21257.0 
481.0 -21105.0 
488.0 -21208.0 
456.0 -19713.0 
437.0 -18845.0 
643.0 -21836.0 
491.0 -21154.0 
572.0 -21825.0 
458.0 -19183.0 
473.0 -20026.0 
483.0 -20661.0 
564.0 -21684.0 
479.0 -20404.0 
540.0 -21327.0 
549.0 -21336.0 
