248.0 -27039.0 
247.0 -26571.0 
223.0 -24276.0 
248.0 -27039.0 
186.0 -22308.0 
224.0 -25049.0 
200.0 -22853.0 
247.0 -26571.0 
242.0 -26523.0 
229.0 -26158.0 
226.0 -26040.0 
211.0 -24231.0 
254.0 -26803.0 
248.0 -26728.0 
186.0 -21396.0 
189.0 -22122.0 
191.0 -22216.0 
225.0 -24500.0 
202.0 -22224.0 
210.0 -22495.0 
210.0 -22495.0 
245.0 -25688.0 
231.0 -25296.0 
241.0 -25406.0 
230.0 -24833.0 
247.0 -25896.0 
212.0 -23008.0 
216.0 -23749.0 
222.0 -23968.0 
224.0 -24175.0 
222.0 -23968.0 
214.0 -23071.0 
223.0 -23996.0 
248.0 -26452.0 
248.0 -26452.0 
254.0 -26457.0 
186.0 -21281.0 
196.0 -22180.0 
192.0 -21576.0 
196.0 -22180.0 
202.0 -22208.0 
210.0 -22273.0 
210.0 -22273.0 
245.0 -25408.0 
237.0 -25026.0 
237.0 -25026.0 
240.0 -25269.0 
212.0 -22372.0 
213.0 -22918.0 
216.0 -23223.0 
218.0 -23536.0 
226.0 -24104.0 
222.0 -23666.0 
224.0 -23911.0 
251.0 -26273.0 
248.0 -25790.0 
254.0 -26456.0 
186.0 -21092.0 
193.0 -21422.0 
196.0 -21980.0 
203.0 -22124.0 
237.0 -24551.0 
243.0 -25238.0 
243.0 -25238.0 
241.0 -24768.0 
240.0 -24739.0 
214.0 -22630.0 
213.0 -22448.0 
216.0 -22933.0 
218.0 -23131.0 
232.0 -24103.0 
231.0 -24075.0 
224.0 -23356.0 
227.0 -23788.0 
252.0 -26055.0 
250.0 -25578.0 
248.0 -25408.0 
260.0 -26379.0 
254.0 -26204.0 
191.0 -20875.0 
201.0 -21604.0 
197.0 -21480.0 
200.0 -21514.0 
207.0 -22107.0 
205.0 -22066.0 
204.0 -21960.0 
238.0 -24538.0 
237.0 -24190.0 
246.0 -24851.0 
241.0 -24633.0 
241.0 -24633.0 
213.0 -22308.0 
220.0 -23125.0 
218.0 -22801.0 
235.0 -23965.0 
227.0 -23645.0 
265.0 -26366.0 
199.0 -20614.0 
253.0 -25654.0 
262.0 -26250.0 
