253.0 -22508.0 
312.0 -24076.0 
280.0 -23653.0 
222.0 -20244.0 
241.0 -22301.0 
274.0 -23438.0 
272.0 -23418.0 
226.0 -21735.0 
284.0 -23840.0 
267.0 -22395.0 
280.0 -23579.0 
282.0 -23646.0 
250.0 -21807.0 
255.0 -22044.0 
245.0 -21769.0 
276.0 -23289.0 
236.0 -20770.0 
238.0 -21160.0 
226.0 -20618.0 
294.0 -23831.0 
286.0 -23757.0 
270.0 -22374.0 
265.0 -21906.0 
251.0 -21701.0 
279.0 -22392.0 
279.0 -22392.0 
283.0 -22998.0 
280.0 -22970.0 
246.0 -20688.0 
233.0 -20496.0 
244.0 -20611.0 
310.0 -23804.0 
310.0 -23804.0 
306.0 -23525.0 
286.0 -23483.0 
273.0 -22188.0 
271.0 -21721.0 
266.0 -21614.0 
265.0 -21373.0 
263.0 -21217.0 
256.0 -21211.0 
280.0 -22628.0 
251.0 -20624.0 
239.0 -20485.0 
239.0 -20485.0 
318.0 -23629.0 
311.0 -23521.0 
294.0 -23042.0 
294.0 -23042.0 
292.0 -23021.0 
295.0 -23480.0 
287.0 -22755.0 
275.0 -21968.0 
269.0 -21491.0 
271.0 -21543.0 
264.0 -21174.0 
262.0 -20723.0 
264.0 -21174.0 
284.0 -22575.0 
280.0 -22359.0 
254.0 -20515.0 
242.0 -20398.0 
242.0 -20398.0 
314.0 -23506.0 
311.0 -23491.0 
294.0 -22884.0 
299.0 -23469.0 
299.0 -23469.0 
298.0 -23002.0 
288.0 -22705.0 
269.0 -21306.0 
266.0 -21077.0 
264.0 -20551.0 
285.0 -22538.0 
283.0 -22159.0 
281.0 -21391.0 
280.0 -21312.0 
258.0 -20449.0 
243.0 -19296.0 
247.0 -20332.0 
301.0 -23222.0 
307.0 -23459.0 
302.0 -23303.0 
290.0 -22669.0 
246.0 -19292.0 
246.0 -19292.0 
312.0 -23415.0 
249.0 -20227.0 
262.0 -20287.0 
275.0 -21144.0 
293.0 -22622.0 
267.0 -20799.0 
302.0 -22925.0 
283.0 -21452.0 
284.0 -21739.0 
287.0 -22310.0 
269.0 -21061.0 
309.0 -23150.0 
307.0 -22932.0 
291.0 -22368.0 
