274.0 -23438.0 
272.0 -23418.0 
226.0 -21735.0 
276.0 -23913.0 
222.0 -21667.0 
239.0 -22881.0 
265.0 -23348.0 
285.0 -24282.0 
280.0 -23653.0 
284.0 -23840.0 
222.0 -20244.0 
225.0 -21507.0 
241.0 -22301.0 
242.0 -22618.0 
276.0 -23289.0 
272.0 -23171.0 
274.0 -23287.0 
305.0 -24168.0 
288.0 -23936.0 
280.0 -23579.0 
282.0 -23646.0 
286.0 -23757.0 
230.0 -21441.0 
226.0 -21392.0 
244.0 -22526.0 
242.0 -22097.0 
271.0 -22607.0 
273.0 -22863.0 
312.0 -24076.0 
312.0 -24076.0 
294.0 -23831.0 
294.0 -23831.0 
280.0 -22970.0 
280.0 -22970.0 
283.0 -22998.0 
286.0 -23483.0 
238.0 -21160.0 
226.0 -20618.0 
228.0 -21146.0 
253.0 -22508.0 
251.0 -22450.0 
250.0 -21807.0 
245.0 -21769.0 
277.0 -22610.0 
310.0 -23804.0 
310.0 -23804.0 
310.0 -23804.0 
295.0 -23622.0 
280.0 -22957.0 
288.0 -23180.0 
227.0 -20516.0 
231.0 -20971.0 
267.0 -22395.0 
251.0 -22370.0 
246.0 -21114.0 
249.0 -21384.0 
278.0 -22566.0 
318.0 -23629.0 
295.0 -23515.0 
297.0 -23591.0 
280.0 -22628.0 
283.0 -22704.0 
287.0 -22858.0 
294.0 -23042.0 
294.0 -23042.0 
292.0 -23021.0 
236.0 -20770.0 
233.0 -20496.0 
270.0 -22374.0 
255.0 -22044.0 
251.0 -21701.0 
257.0 -22328.0 
246.0 -20988.0 
249.0 -21213.0 
279.0 -22392.0 
279.0 -22392.0 
295.0 -23480.0 
306.0 -23525.0 
310.0 -23545.0 
236.0 -19546.0 
320.0 -23537.0 
251.0 -21335.0 
262.0 -21684.0 
237.0 -19992.0 
311.0 -23521.0 
294.0 -22884.0 
249.0 -20952.0 
243.0 -20727.0 
280.0 -22359.0 
297.0 -23322.0 
271.0 -22277.0 
265.0 -21906.0 
299.0 -23469.0 
239.0 -20485.0 
269.0 -22069.0 
284.0 -22575.0 
287.0 -22755.0 
239.0 -20485.0 
286.0 -22671.0 
287.0 -22755.0 
