222.0 -27570.0 
204.0 -26203.0 
163.0 -21795.0 
221.0 -27367.0 
163.0 -21795.0 
188.0 -25195.0 
163.0 -21795.0 
210.0 -27080.0 
232.0 -27816.0 
205.0 -26500.0 
222.0 -27570.0 
201.0 -26157.0 
217.0 -27148.0 
178.0 -24561.0 
200.0 -26010.0 
219.0 -27325.0 
182.0 -24744.0 
225.0 -27698.0 
165.0 -22285.0 
195.0 -26000.0 
210.0 -27080.0 
201.0 -26157.0 
187.0 -24890.0 
167.0 -24117.0 
204.0 -26203.0 
201.0 -26157.0 
192.0 -25595.0 
217.0 -27148.0 
163.0 -21795.0 
190.0 -24910.0 
205.0 -26262.0 
181.0 -24337.0 
181.0 -24337.0 
220.0 -27205.0 
182.0 -24345.0 
238.0 -27622.0 
238.0 -27622.0 
225.0 -27489.0 
225.0 -27489.0 
227.0 -27524.0 
227.0 -27524.0 
166.0 -22267.0 
199.0 -25723.0 
198.0 -25683.0 
211.0 -26776.0 
216.0 -26937.0 
213.0 -26818.0 
210.0 -26312.0 
213.0 -26818.0 
189.0 -24371.0 
189.0 -24371.0 
169.0 -22630.0 
169.0 -22630.0 
167.0 -22504.0 
170.0 -23931.0 
179.0 -23956.0 
201.0 -26101.0 
203.0 -26146.0 
192.0 -25317.0 
194.0 -25439.0 
217.0 -26996.0 
218.0 -27012.0 
191.0 -24749.0 
190.0 -24416.0 
209.0 -26256.0 
208.0 -26204.0 
209.0 -26256.0 
209.0 -26256.0 
208.0 -26204.0 
207.0 -26173.0 
221.0 -27071.0 
223.0 -27197.0 
221.0 -27071.0 
187.0 -24237.0 
182.0 -24195.0 
241.0 -27527.0 
225.0 -27217.0 
226.0 -27412.0 
226.0 -27412.0 
230.0 -27497.0 
166.0 -21952.0 
199.0 -25716.0 
216.0 -26735.0 
213.0 -26732.0 
168.0 -22433.0 
167.0 -22143.0 
177.0 -23865.0 
176.0 -23710.0 
177.0 -23865.0 
170.0 -22916.0 
172.0 -23097.0 
202.0 -26073.0 
202.0 -26073.0 
192.0 -24956.0 
193.0 -25149.0 
196.0 -25251.0 
217.0 -26803.0 
218.0 -27001.0 
238.0 -27390.0 
170.0 -22504.0 
