217.0 -28489.0 
197.0 -27404.0 
217.0 -28489.0 
153.0 -23597.0 
196.0 -27092.0 
217.0 -28489.0 
217.0 -28489.0 
166.0 -24894.0 
148.0 -23330.0 
146.0 -22965.0 
165.0 -24732.0 
165.0 -24732.0 
171.0 -25479.0 
168.0 -25155.0 
203.0 -27844.0 
146.0 -22965.0 
206.0 -28149.0 
178.0 -25854.0 
163.0 -24660.0 
152.0 -23408.0 
180.0 -26246.0 
185.0 -26831.0 
163.0 -24660.0 
198.0 -27769.0 
167.0 -25024.0 
170.0 -25254.0 
158.0 -24330.0 
215.0 -28384.0 
154.0 -23582.0 
217.0 -28462.0 
149.0 -23060.0 
172.0 -25414.0 
209.0 -28074.0 
178.0 -25434.0 
178.0 -25434.0 
178.0 -25434.0 
178.0 -25434.0 
181.0 -25620.0 
182.0 -25723.0 
183.0 -26028.0 
192.0 -26704.0 
192.0 -26704.0 
192.0 -26704.0 
185.0 -26204.0 
187.0 -26577.0 
165.0 -24639.0 
163.0 -24460.0 
199.0 -27610.0 
199.0 -27610.0 
206.0 -27750.0 
200.0 -27638.0 
168.0 -24752.0 
159.0 -24205.0 
161.0 -24277.0 
156.0 -23516.0 
155.0 -23312.0 
221.0 -28420.0 
221.0 -28420.0 
221.0 -28420.0 
221.0 -28420.0 
221.0 -28420.0 
218.0 -28411.0 
150.0 -22792.0 
154.0 -23034.0 
154.0 -23034.0 
175.0 -24802.0 
177.0 -25322.0 
213.0 -27940.0 
211.0 -27815.0 
217.0 -27965.0 
181.0 -25517.0 
182.0 -25574.0 
183.0 -26019.0 
195.0 -26627.0 
193.0 -26505.0 
188.0 -26426.0 
190.0 -26496.0 
167.0 -24483.0 
167.0 -24483.0 
165.0 -24321.0 
165.0 -24321.0 
199.0 -26767.0 
206.0 -27639.0 
209.0 -27695.0 
202.0 -27480.0 
201.0 -27460.0 
202.0 -27480.0 
201.0 -27460.0 
200.0 -27415.0 
205.0 -27560.0 
201.0 -27460.0 
172.0 -24738.0 
173.0 -24746.0 
169.0 -24563.0 
159.0 -23526.0 
160.0 -23696.0 
161.0 -23976.0 
162.0 -24087.0 
164.0 -24111.0 
219.0 -28358.0 
