185.0 -22892.0 
180.0 -22586.0 
218.0 -27001.0 
187.0 -23522.0 
200.0 -24431.0 
183.0 -22820.0 
181.0 -22771.0 
201.0 -25386.0 
187.0 -23522.0 
167.0 -22125.0 
209.0 -26256.0 
222.0 -27570.0 
186.0 -23318.0 
220.0 -27205.0 
216.0 -26375.0 
202.0 -26073.0 
188.0 -23763.0 
167.0 -22125.0 
189.0 -24371.0 
215.0 -26330.0 
180.0 -22562.0 
218.0 -26450.0 
181.0 -22569.0 
183.0 -22770.0 
201.0 -24670.0 
211.0 -26084.0 
212.0 -26175.0 
242.0 -27502.0 
242.0 -27502.0 
225.0 -27489.0 
186.0 -22850.0 
187.0 -23206.0 
203.0 -24788.0 
207.0 -25667.0 
205.0 -24882.0 
204.0 -24880.0 
188.0 -23331.0 
179.0 -22083.0 
179.0 -22083.0 
190.0 -24113.0 
194.0 -24352.0 
224.0 -26373.0 
218.0 -26339.0 
181.0 -22265.0 
183.0 -22511.0 
202.0 -24441.0 
211.0 -25898.0 
213.0 -26171.0 
238.0 -27429.0 
226.0 -27315.0 
225.0 -26503.0 
186.0 -22796.0 
187.0 -23009.0 
187.0 -23009.0 
208.0 -25291.0 
205.0 -24478.0 
207.0 -24660.0 
206.0 -24618.0 
188.0 -23318.0 
179.0 -21702.0 
180.0 -21946.0 
193.0 -23810.0 
192.0 -23735.0 
191.0 -23534.0 
196.0 -24143.0 
195.0 -23890.0 
201.0 -24171.0 
218.0 -26280.0 
184.0 -22291.0 
183.0 -22020.0 
183.0 -22020.0 
211.0 -25620.0 
211.0 -25620.0 
214.0 -25896.0 
231.0 -27219.0 
238.0 -27305.0 
226.0 -26819.0 
225.0 -26443.0 
186.0 -22607.0 
208.0 -24826.0 
210.0 -25288.0 
207.0 -24276.0 
207.0 -24276.0 
188.0 -23158.0 
189.0 -23315.0 
181.0 -21799.0 
191.0 -23517.0 
198.0 -24083.0 
197.0 -23816.0 
196.0 -23801.0 
195.0 -23565.0 
203.0 -24135.0 
247.0 -27278.0 
181.0 -21342.0 
188.0 -22355.0 
222.0 -26241.0 
213.0 -25609.0 
193.0 -23511.0 
184.0 -21611.0 
228.0 -26393.0 
