338.0 -19566.0 
334.0 -18863.0 
351.0 -20265.0 
374.0 -20790.0 
305.0 -17892.0 
311.0 -18537.0 
339.0 -19026.0 
369.0 -19950.0 
358.0 -19765.0 
352.0 -19462.0 
357.0 -19570.0 
378.0 -20416.0 
310.0 -17712.0 
332.0 -18067.0 
341.0 -18500.0 
348.0 -18832.0 
345.0 -18574.0 
377.0 -19890.0 
358.0 -19491.0 
357.0 -19435.0 
316.0 -17441.0 
320.0 -17479.0 
322.0 -17515.0 
339.0 -17912.0 
334.0 -17738.0 
350.0 -18580.0 
356.0 -18604.0 
382.0 -19647.0 
381.0 -19522.0 
392.0 -19689.0 
359.0 -19164.0 
321.0 -17293.0 
320.0 -16368.0 
323.0 -17333.0 
344.0 -17818.0 
334.0 -17607.0 
338.0 -17726.0 
350.0 -18472.0 
384.0 -19292.0 
383.0 -19182.0 
392.0 -19644.0 
382.0 -19000.0 
365.0 -18508.0 
369.0 -18630.0 
378.0 -18987.0 
374.0 -18631.0 
327.0 -16341.0 
333.0 -16696.0 
349.0 -17788.0 
344.0 -16925.0 
355.0 -18464.0 
351.0 -17934.0 
354.0 -18400.0 
397.0 -19591.0 
392.0 -18982.0 
389.0 -18778.0 
382.0 -18545.0 
335.0 -16672.0 
349.0 -16719.0 
379.0 -18442.0 
379.0 -18442.0 
351.0 -17605.0 
357.0 -18199.0 
361.0 -18330.0 
404.0 -19276.0 
397.0 -18991.0 
389.0 -18744.0 
344.0 -16155.0 
343.0 -15895.0 
353.0 -16981.0 
357.0 -17378.0 
359.0 -17655.0 
361.0 -18225.0 
411.0 -19071.0 
413.0 -19087.0 
406.0 -18809.0 
406.0 -18809.0 
410.0 -18830.0 
394.0 -18583.0 
401.0 -18720.0 
392.0 -18308.0 
396.0 -18680.0 
355.0 -16408.0 
357.0 -16846.0 
358.0 -17303.0 
373.0 -18182.0 
363.0 -17753.0 
366.0 -18131.0 
361.0 -17712.0 
413.0 -18999.0 
410.0 -18809.0 
395.0 -18403.0 
397.0 -18652.0 
359.0 -17058.0 
416.0 -18902.0 
361.0 -17531.0 
400.0 -17999.0 
401.0 -18509.0 
374.0 -17833.0 
385.0 -17968.0 
