232.0 -27816.0 
178.0 -24561.0 
195.0 -26000.0 
167.0 -24117.0 
209.0 -27151.0 
198.0 -26509.0 
169.0 -24429.0 
179.0 -24823.0 
185.0 -25423.0 
195.0 -26000.0 
209.0 -27151.0 
190.0 -25480.0 
198.0 -26509.0 
232.0 -27816.0 
176.0 -24477.0 
156.0 -22615.0 
191.0 -25737.0 
181.0 -25053.0 
198.0 -26509.0 
202.0 -26665.0 
206.0 -26924.0 
187.0 -25453.0 
217.0 -27572.0 
218.0 -27760.0 
213.0 -27318.0 
170.0 -23931.0 
172.0 -24172.0 
170.0 -23931.0 
169.0 -23221.0 
173.0 -24404.0 
196.0 -25929.0 
210.0 -27080.0 
210.0 -27080.0 
210.0 -27080.0 
190.0 -25474.0 
236.0 -27773.0 
236.0 -27773.0 
165.0 -22563.0 
159.0 -22554.0 
165.0 -22563.0 
191.0 -25595.0 
192.0 -25693.0 
192.0 -25693.0 
192.0 -25693.0 
181.0 -24872.0 
198.0 -26472.0 
204.0 -26645.0 
206.0 -26750.0 
188.0 -25299.0 
187.0 -24890.0 
217.0 -27326.0 
224.0 -27733.0 
221.0 -27583.0 
224.0 -27733.0 
214.0 -27245.0 
214.0 -27245.0 
213.0 -27082.0 
170.0 -23235.0 
171.0 -23653.0 
169.0 -22630.0 
169.0 -22630.0 
176.0 -24189.0 
177.0 -24201.0 
180.0 -24364.0 
174.0 -24126.0 
173.0 -23894.0 
179.0 -24260.0 
196.0 -25764.0 
210.0 -26923.0 
159.0 -22497.0 
161.0 -22498.0 
167.0 -22504.0 
191.0 -25539.0 
192.0 -25595.0 
195.0 -25688.0 
182.0 -24744.0 
185.0 -24755.0 
201.0 -26465.0 
199.0 -26330.0 
205.0 -26500.0 
208.0 -26601.0 
209.0 -26743.0 
188.0 -25195.0 
188.0 -25195.0 
187.0 -24801.0 
219.0 -27325.0 
222.0 -27570.0 
221.0 -27367.0 
222.0 -27570.0 
222.0 -27570.0 
225.0 -27698.0 
225.0 -27698.0 
216.0 -27102.0 
217.0 -27209.0 
217.0 -27209.0 
214.0 -26973.0 
160.0 -22481.0 
228.0 -27674.0 
177.0 -23083.0 
207.0 -26229.0 
