167.0 -24117.0 
169.0 -24429.0 
185.0 -25423.0 
187.0 -25453.0 
172.0 -24447.0 
175.0 -24601.0 
172.0 -24447.0 
215.0 -27716.0 
209.0 -27632.0 
152.0 -22639.0 
183.0 -25320.0 
215.0 -27716.0 
159.0 -23076.0 
189.0 -25683.0 
161.0 -23976.0 
217.0 -28489.0 
197.0 -27404.0 
190.0 -26375.0 
179.0 -25157.0 
160.0 -23506.0 
217.0 -28489.0 
183.0 -25320.0 
170.0 -24382.0 
170.0 -24382.0 
170.0 -24382.0 
178.0 -24561.0 
176.0 -24477.0 
173.0 -24404.0 
173.0 -24404.0 
214.0 -27526.0 
211.0 -27468.0 
156.0 -22615.0 
159.0 -22981.0 
159.0 -22981.0 
189.0 -25552.0 
168.0 -23821.0 
198.0 -26509.0 
198.0 -26509.0 
198.0 -26509.0 
205.0 -27128.0 
198.0 -26509.0 
204.0 -26963.0 
209.0 -27151.0 
209.0 -27151.0 
210.0 -27345.0 
200.0 -26956.0 
192.0 -26033.0 
191.0 -25944.0 
194.0 -26296.0 
194.0 -26296.0 
179.0 -24823.0 
179.0 -24823.0 
180.0 -25090.0 
165.0 -23454.0 
167.0 -23481.0 
218.0 -27785.0 
221.0 -28420.0 
221.0 -28420.0 
217.0 -27572.0 
184.0 -25249.0 
185.0 -25261.0 
188.0 -25299.0 
188.0 -25299.0 
156.0 -22255.0 
224.0 -28280.0 
169.0 -23784.0 
168.0 -22836.0 
200.0 -26887.0 
170.0 -24351.0 
221.0 -28019.0 
194.0 -26232.0 
206.0 -26924.0 
180.0 -24633.0 
175.0 -24377.0 
209.0 -26960.0 
190.0 -25480.0 
198.0 -26472.0 
184.0 -25163.0 
211.0 -27300.0 
191.0 -25915.0 
181.0 -25053.0 
218.0 -27760.0 
162.0 -22619.0 
215.0 -27351.0 
193.0 -25920.0 
188.0 -25195.0 
218.0 -27760.0 
159.0 -22554.0 
164.0 -22811.0 
189.0 -25280.0 
178.0 -24479.0 
198.0 -26472.0 
158.0 -22466.0 
157.0 -22326.0 
163.0 -22803.0 
215.0 -27351.0 
178.0 -24479.0 
213.0 -27318.0 
181.0 -25053.0 
213.0 -27318.0 
