218.0 -27001.0 
167.0 -22125.0 
209.0 -26256.0 
222.0 -27570.0 
220.0 -27205.0 
202.0 -26073.0 
167.0 -22125.0 
189.0 -24371.0 
204.0 -26203.0 
182.0 -24195.0 
218.0 -27001.0 
167.0 -22125.0 
177.0 -23865.0 
218.0 -27001.0 
163.0 -21795.0 
191.0 -24749.0 
199.0 -25723.0 
211.0 -26776.0 
196.0 -25245.0 
208.0 -26204.0 
209.0 -26256.0 
182.0 -24195.0 
166.0 -21921.0 
195.0 -24855.0 
217.0 -26996.0 
169.0 -22630.0 
209.0 -26256.0 
242.0 -27502.0 
242.0 -27502.0 
225.0 -27489.0 
239.0 -27496.0 
225.0 -27489.0 
204.0 -26033.0 
178.0 -23865.0 
177.0 -22947.0 
193.0 -24521.0 
201.0 -25386.0 
201.0 -25386.0 
215.0 -26408.0 
213.0 -26293.0 
216.0 -26735.0 
198.0 -25106.0 
190.0 -24113.0 
195.0 -24836.0 
224.0 -26968.0 
219.0 -26886.0 
218.0 -26745.0 
175.0 -22310.0 
176.0 -22586.0 
172.0 -22001.0 
209.0 -26251.0 
238.0 -27429.0 
226.0 -27315.0 
226.0 -27315.0 
244.0 -27446.0 
232.0 -27421.0 
227.0 -27334.0 
208.0 -25940.0 
204.0 -25787.0 
204.0 -25787.0 
188.0 -23763.0 
181.0 -23565.0 
178.0 -22673.0 
193.0 -24415.0 
215.0 -26330.0 
216.0 -26375.0 
198.0 -24888.0 
203.0 -24955.0 
192.0 -24009.0 
195.0 -24685.0 
218.0 -26635.0 
176.0 -21969.0 
174.0 -21534.0 
212.0 -26175.0 
210.0 -26136.0 
242.0 -27428.0 
226.0 -27132.0 
228.0 -27319.0 
204.0 -25310.0 
207.0 -25667.0 
181.0 -23252.0 
190.0 -23546.0 
187.0 -23522.0 
183.0 -23441.0 
180.0 -22586.0 
178.0 -22083.0 
179.0 -22089.0 
194.0 -24352.0 
201.0 -24807.0 
192.0 -23735.0 
193.0 -23903.0 
196.0 -24628.0 
218.0 -26450.0 
220.0 -26523.0 
177.0 -21808.0 
213.0 -26171.0 
211.0 -26084.0 
238.0 -27305.0 
177.0 -21297.0 
183.0 -23418.0 
