189.0 -25683.0 
161.0 -23976.0 
217.0 -28489.0 
197.0 -27404.0 
190.0 -26375.0 
217.0 -28489.0 
195.0 -26627.0 
149.0 -23060.0 
215.0 -27883.0 
178.0 -25434.0 
153.0 -23597.0 
196.0 -27092.0 
206.0 -27750.0 
215.0 -27883.0 
217.0 -28489.0 
167.0 -24483.0 
165.0 -24321.0 
178.0 -25434.0 
202.0 -27480.0 
211.0 -27815.0 
201.0 -27460.0 
205.0 -27560.0 
165.0 -24321.0 
181.0 -25517.0 
172.0 -25414.0 
189.0 -25552.0 
192.0 -26033.0 
191.0 -25944.0 
194.0 -26296.0 
194.0 -26296.0 
193.0 -26105.0 
194.0 -26296.0 
150.0 -22792.0 
159.0 -23076.0 
160.0 -23506.0 
154.0 -23034.0 
198.0 -26509.0 
198.0 -26509.0 
198.0 -26509.0 
198.0 -26509.0 
200.0 -26956.0 
209.0 -27695.0 
221.0 -28420.0 
221.0 -28420.0 
221.0 -28420.0 
221.0 -28420.0 
169.0 -24429.0 
215.0 -27716.0 
215.0 -27716.0 
218.0 -27785.0 
219.0 -27815.0 
204.0 -27045.0 
205.0 -27128.0 
208.0 -27495.0 
207.0 -27254.0 
167.0 -24117.0 
165.0 -24093.0 
187.0 -25453.0 
185.0 -25423.0 
175.0 -24601.0 
176.0 -24710.0 
177.0 -25276.0 
172.0 -24447.0 
172.0 -24447.0 
183.0 -25320.0 
183.0 -25320.0 
180.0 -25290.0 
175.0 -24601.0 
190.0 -25480.0 
191.0 -25915.0 
193.0 -25920.0 
194.0 -26232.0 
151.0 -22664.0 
161.0 -23500.0 
159.0 -22981.0 
159.0 -22981.0 
159.0 -22981.0 
198.0 -26472.0 
198.0 -26472.0 
200.0 -26887.0 
209.0 -27632.0 
221.0 -28019.0 
223.0 -28356.0 
170.0 -24382.0 
170.0 -24382.0 
170.0 -24382.0 
170.0 -24382.0 
218.0 -27760.0 
218.0 -27760.0 
204.0 -26963.0 
168.0 -23980.0 
179.0 -25157.0 
173.0 -24404.0 
173.0 -24404.0 
188.0 -25299.0 
188.0 -25299.0 
182.0 -25274.0 
176.0 -24477.0 
178.0 -24561.0 
152.0 -22639.0 
