346.0 -22264.0 
317.0 -19737.0 
268.0 -19613.0 
344.0 -19808.0 
351.0 -20265.0 
371.0 -21186.0 
348.0 -19811.0 
352.0 -20571.0 
338.0 -19566.0 
311.0 -18537.0 
302.0 -17982.0 
292.0 -17980.0 
323.0 -19366.0 
309.0 -18228.0 
289.0 -17929.0 
374.0 -20790.0 
356.0 -20504.0 
352.0 -19462.0 
339.0 -19461.0 
334.0 -18863.0 
329.0 -18286.0 
310.0 -18144.0 
305.0 -17892.0 
376.0 -20740.0 
360.0 -20051.0 
362.0 -20232.0 
358.0 -19765.0 
357.0 -19570.0 
339.0 -19026.0 
339.0 -19026.0 
343.0 -19115.0 
344.0 -19403.0 
336.0 -18685.0 
335.0 -18551.0 
332.0 -18067.0 
308.0 -17811.0 
378.0 -20416.0 
379.0 -20580.0 
380.0 -20635.0 
361.0 -19990.0 
365.0 -20140.0 
358.0 -19491.0 
357.0 -19435.0 
339.0 -19024.0 
354.0 -19149.0 
337.0 -18124.0 
332.0 -17812.0 
335.0 -17977.0 
310.0 -17712.0 
382.0 -20536.0 
362.0 -19740.0 
369.0 -19950.0 
373.0 -19966.0 
358.0 -19413.0 
341.0 -18500.0 
347.0 -18844.0 
346.0 -18674.0 
343.0 -18648.0 
348.0 -18892.0 
334.0 -17738.0 
339.0 -17912.0 
339.0 -17912.0 
316.0 -17441.0 
320.0 -17479.0 
322.0 -17515.0 
312.0 -17111.0 
385.0 -20403.0 
367.0 -19522.0 
369.0 -19855.0 
374.0 -19966.0 
359.0 -19164.0 
345.0 -18574.0 
343.0 -18419.0 
348.0 -18832.0 
334.0 -17607.0 
338.0 -17726.0 
321.0 -17293.0 
323.0 -17333.0 
324.0 -17490.0 
316.0 -16708.0 
371.0 -19844.0 
370.0 -19577.0 
377.0 -19890.0 
378.0 -19893.0 
365.0 -19161.0 
359.0 -18856.0 
344.0 -17818.0 
350.0 -18580.0 
352.0 -18832.0 
351.0 -18654.0 
341.0 -17237.0 
343.0 -17283.0 
330.0 -17123.0 
329.0 -16713.0 
317.0 -16626.0 
377.0 -19850.0 
320.0 -16368.0 
339.0 -17088.0 
367.0 -18896.0 
372.0 -19514.0 
