265.0 -24676.0 
296.0 -24726.0 
259.0 -24336.0 
254.0 -23650.0 
234.0 -23047.0 
223.0 -22279.0 
253.0 -23426.0 
202.0 -20532.0 
203.0 -22124.0 
257.0 -24164.0 
299.0 -24373.0 
262.0 -24307.0 
239.0 -22881.0 
235.0 -22147.0 
253.0 -22985.0 
254.0 -23404.0 
222.0 -21667.0 
215.0 -20923.0 
224.0 -21830.0 
210.0 -20094.0 
220.0 -20951.0 
261.0 -23647.0 
285.0 -24282.0 
282.0 -24199.0 
294.0 -24300.0 
285.0 -24282.0 
262.0 -24159.0 
247.0 -22848.0 
240.0 -22804.0 
253.0 -22958.0 
256.0 -23177.0 
222.0 -21310.0 
216.0 -20712.0 
226.0 -21735.0 
225.0 -21507.0 
305.0 -24168.0 
293.0 -24110.0 
286.0 -24045.0 
265.0 -23348.0 
262.0 -23235.0 
269.0 -23988.0 
267.0 -23769.0 
240.0 -22735.0 
243.0 -22757.0 
258.0 -23013.0 
216.0 -20446.0 
237.0 -21539.0 
238.0 -21583.0 
230.0 -21441.0 
226.0 -21392.0 
312.0 -24076.0 
312.0 -24076.0 
312.0 -24076.0 
312.0 -24076.0 
291.0 -24003.0 
266.0 -23138.0 
276.0 -23913.0 
286.0 -23979.0 
271.0 -23713.0 
241.0 -22301.0 
242.0 -22618.0 
242.0 -22618.0 
240.0 -22000.0 
248.0 -22723.0 
263.0 -22959.0 
222.0 -20244.0 
239.0 -21478.0 
226.0 -20618.0 
228.0 -21146.0 
236.0 -21216.0 
268.0 -23069.0 
284.0 -23840.0 
288.0 -23936.0 
295.0 -23959.0 
274.0 -23438.0 
272.0 -23418.0 
279.0 -23695.0 
278.0 -23619.0 
277.0 -23526.0 
244.0 -22526.0 
242.0 -22097.0 
244.0 -22526.0 
243.0 -22501.0 
248.0 -22691.0 
264.0 -22700.0 
227.0 -20516.0 
228.0 -20952.0 
230.0 -21063.0 
238.0 -21160.0 
298.0 -23902.0 
230.0 -20511.0 
242.0 -21574.0 
266.0 -22666.0 
232.0 -21043.0 
272.0 -23171.0 
249.0 -21941.0 
258.0 -22624.0 
250.0 -22464.0 
286.0 -23757.0 
243.0 -21926.0 
