248.0 -25408.0 
216.0 -23223.0 
241.0 -24633.0 
243.0 -25238.0 
202.0 -22224.0 
250.0 -25578.0 
258.0 -25829.0 
224.0 -23911.0 
212.0 -23008.0 
202.0 -20532.0 
203.0 -22124.0 
202.0 -20532.0 
257.0 -24164.0 
255.0 -24131.0 
262.0 -25164.0 
259.0 -24336.0 
276.0 -25400.0 
246.0 -23727.0 
233.0 -23359.0 
245.0 -23645.0 
243.0 -23631.0 
223.0 -22279.0 
226.0 -22529.0 
230.0 -22908.0 
228.0 -22899.0 
208.0 -20569.0 
222.0 -21667.0 
221.0 -21350.0 
219.0 -21245.0 
222.0 -21667.0 
209.0 -21142.0 
255.0 -23743.0 
265.0 -24676.0 
271.0 -24988.0 
262.0 -24307.0 
290.0 -25182.0 
254.0 -23650.0 
234.0 -23047.0 
240.0 -23063.0 
251.0 -23639.0 
247.0 -23082.0 
223.0 -21996.0 
228.0 -22627.0 
222.0 -21310.0 
210.0 -21135.0 
277.0 -24489.0 
287.0 -24666.0 
262.0 -24159.0 
274.0 -24296.0 
290.0 -25143.0 
261.0 -23647.0 
239.0 -22881.0 
236.0 -22725.0 
240.0 -22983.0 
253.0 -23426.0 
257.0 -23439.0 
258.0 -23595.0 
224.0 -21830.0 
235.0 -22147.0 
232.0 -22012.0 
215.0 -20923.0 
210.0 -20094.0 
220.0 -20951.0 
211.0 -20746.0 
288.0 -24402.0 
265.0 -24078.0 
285.0 -24282.0 
282.0 -24199.0 
285.0 -24282.0 
280.0 -24098.0 
279.0 -24080.0 
296.0 -24726.0 
295.0 -24444.0 
240.0 -22804.0 
247.0 -22848.0 
254.0 -23404.0 
253.0 -23135.0 
260.0 -23459.0 
226.0 -21735.0 
225.0 -21507.0 
228.0 -21779.0 
237.0 -22101.0 
234.0 -21943.0 
232.0 -21937.0 
211.0 -20462.0 
296.0 -24387.0 
234.0 -21863.0 
285.0 -24173.0 
240.0 -22735.0 
271.0 -24067.0 
226.0 -21392.0 
267.0 -23769.0 
265.0 -23348.0 
294.0 -24300.0 
250.0 -22822.0 
223.0 -20936.0 
243.0 -22757.0 
219.0 -20857.0 
269.0 -23988.0 
214.0 -20609.0 
