179.0 -22083.0 
190.0 -24113.0 
242.0 -27502.0 
185.0 -22892.0 
180.0 -22586.0 
196.0 -24143.0 
213.0 -25459.0 
218.0 -27001.0 
187.0 -23522.0 
200.0 -24431.0 
216.0 -25732.0 
183.0 -22820.0 
238.0 -27429.0 
181.0 -22771.0 
201.0 -25386.0 
231.0 -27219.0 
187.0 -23522.0 
193.0 -23810.0 
192.0 -23735.0 
195.0 -23890.0 
186.0 -22850.0 
220.0 -25775.0 
225.0 -26503.0 
216.0 -25693.0 
238.0 -27305.0 
181.0 -22265.0 
184.0 -22291.0 
201.0 -24670.0 
210.0 -25288.0 
214.0 -25351.0 
231.0 -27054.0 
188.0 -23331.0 
191.0 -23517.0 
200.0 -23872.0 
198.0 -23596.0 
186.0 -22796.0 
226.0 -26221.0 
226.0 -26221.0 
216.0 -25460.0 
238.0 -27067.0 
245.0 -27256.0 
247.0 -27278.0 
183.0 -22020.0 
181.0 -21799.0 
183.0 -22020.0 
184.0 -22175.0 
202.0 -24441.0 
205.0 -24478.0 
201.0 -23894.0 
201.0 -23894.0 
212.0 -25270.0 
210.0 -25188.0 
236.0 -26909.0 
232.0 -26782.0 
231.0 -26411.0 
190.0 -23285.0 
188.0 -23158.0 
193.0 -23343.0 
195.0 -23408.0 
186.0 -22308.0 
186.0 -22308.0 
186.0 -22308.0 
187.0 -22552.0 
226.0 -26040.0 
227.0 -26167.0 
217.0 -25274.0 
218.0 -25319.0 
239.0 -27007.0 
245.0 -27226.0 
245.0 -27226.0 
245.0 -27226.0 
181.0 -21228.0 
184.0 -22046.0 
202.0 -24073.0 
207.0 -24276.0 
205.0 -24121.0 
210.0 -24361.0 
214.0 -24439.0 
215.0 -24818.0 
216.0 -25008.0 
215.0 -24818.0 
238.0 -26824.0 
233.0 -26488.0 
237.0 -26716.0 
235.0 -26512.0 
232.0 -26216.0 
189.0 -22646.0 
190.0 -23041.0 
194.0 -23161.0 
199.0 -23271.0 
195.0 -23175.0 
250.0 -27107.0 
183.0 -21011.0 
197.0 -23123.0 
184.0 -21986.0 
202.0 -23982.0 
237.0 -26576.0 
187.0 -22460.0 
229.0 -26158.0 
215.0 -24659.0 
