241.0 -24633.0 
243.0 -25238.0 
202.0 -22224.0 
224.0 -23911.0 
212.0 -23008.0 
197.0 -21480.0 
245.0 -25688.0 
243.0 -25238.0 
186.0 -21396.0 
248.0 -27039.0 
216.0 -23749.0 
203.0 -22124.0 
240.0 -23832.0 
201.0 -21434.0 
245.0 -25408.0 
254.0 -26456.0 
250.0 -25578.0 
216.0 -23223.0 
230.0 -23359.0 
215.0 -21619.0 
243.0 -23631.0 
202.0 -20532.0 
202.0 -20532.0 
208.0 -20569.0 
209.0 -21142.0 
248.0 -25408.0 
246.0 -23727.0 
245.0 -23645.0 
258.0 -25829.0 
274.0 -25960.0 
220.0 -22047.0 
223.0 -22957.0 
233.0 -23359.0 
233.0 -23359.0 
217.0 -21275.0 
205.0 -20428.0 
210.0 -21135.0 
248.0 -25384.0 
246.0 -23709.0 
258.0 -25429.0 
258.0 -25429.0 
276.0 -25749.0 
222.0 -21667.0 
222.0 -21667.0 
220.0 -21430.0 
221.0 -21632.0 
223.0 -22325.0 
225.0 -22910.0 
230.0 -22922.0 
234.0 -23047.0 
240.0 -23063.0 
233.0 -23014.0 
242.0 -23134.0 
219.0 -21245.0 
211.0 -20746.0 
214.0 -20880.0 
210.0 -20430.0 
210.0 -20430.0 
215.0 -21001.0 
251.0 -24961.0 
248.0 -24167.0 
262.0 -25164.0 
276.0 -25400.0 
221.0 -21350.0 
223.0 -22279.0 
228.0 -22899.0 
225.0 -22573.0 
230.0 -22908.0 
240.0 -22983.0 
246.0 -23131.0 
244.0 -22992.0 
211.0 -20462.0 
214.0 -20609.0 
210.0 -20094.0 
215.0 -20923.0 
220.0 -20951.0 
251.0 -24776.0 
249.0 -23570.0 
265.0 -25051.0 
290.0 -25182.0 
278.0 -25146.0 
222.0 -21310.0 
223.0 -21996.0 
228.0 -22627.0 
229.0 -22762.0 
226.0 -22529.0 
239.0 -22881.0 
236.0 -22812.0 
237.0 -22863.0 
247.0 -23082.0 
219.0 -20857.0 
290.0 -25143.0 
271.0 -24988.0 
247.0 -22848.0 
265.0 -24676.0 
223.0 -21647.0 
251.0 -23639.0 
232.0 -22147.0 
256.0 -24571.0 
224.0 -21830.0 
