381.0 -17395.0 
406.0 -18809.0 
401.0 -18509.0 
412.0 -18640.0 
405.0 -18487.0 
401.0 -17614.0 
427.0 -18188.0 
402.0 -14619.0 
427.0 -17387.0 
415.0 -13538.0 
449.0 -17315.0 
438.0 -17312.0 
438.0 -14473.0 
443.0 -16792.0 
445.0 -16695.0 
444.0 -15067.0 
446.0 -16744.0 
449.0 -15818.0 
461.0 -16629.0 
459.0 -16198.0 
466.0 -14754.0 
477.0 -14809.0 
487.0 -15360.0 
461.0 -14713.0 
462.0 -13835.0 
462.0 -13835.0 
497.0 -13820.0 
523.0 -13262.0 
534.0 -13103.0 
413.0 -19420.0 
461.0 -21444.0 
555.0 -22306.0 
597.0 -22683.0 
526.0 -21596.0 
457.0 -20061.0 
466.0 -21528.0 
452.0 -19713.0 
413.0 -12530.0 
421.0 -19274.0 
465.0 -21263.0 
557.0 -22155.0 
617.0 -22172.0 
665.0 -22204.0 
540.0 -21327.0 
549.0 -21336.0 
456.0 -19713.0 
437.0 -18845.0 
517.0 -21257.0 
481.0 -21105.0 
491.0 -21154.0 
565.0 -21923.0 
597.0 -22018.0 
556.0 -21330.0 
553.0 -21310.0 
462.0 -19525.0 
462.0 -19525.0 
464.0 -19666.0 
461.0 -18388.0 
451.0 -17345.0 
458.0 -17381.0 
483.0 -20661.0 
508.0 -21139.0 
495.0 -21056.0 
590.0 -21664.0 
616.0 -21666.0 
619.0 -21778.0 
561.0 -21280.0 
553.0 -21223.0 
469.0 -18906.0 
473.0 -19524.0 
468.0 -17246.0 
460.0 -17110.0 
486.0 -19730.0 
497.0 -20092.0 
539.0 -20836.0 
506.0 -20219.0 
513.0 -20813.0 
618.0 -21483.0 
623.0 -21687.0 
566.0 -21218.0 
556.0 -21043.0 
470.0 -18338.0 
477.0 -19337.0 
492.0 -19692.0 
503.0 -19983.0 
500.0 -19907.0 
548.0 -20830.0 
512.0 -20079.0 
514.0 -20136.0 
516.0 -20707.0 
640.0 -21283.0 
644.0 -21606.0 
581.0 -21211.0 
576.0 -21086.0 
472.0 -17636.0 
471.0 -17200.0 
477.0 -17948.0 
481.0 -19100.0 
644.0 -21231.0 
476.0 -16371.0 
