226.0 -26040.0 
179.0 -22083.0 
214.0 -24439.0 
190.0 -24113.0 
205.0 -24121.0 
239.0 -27007.0 
186.0 -22796.0 
210.0 -24361.0 
217.0 -25144.0 
242.0 -27502.0 
220.0 -25775.0 
215.0 -24659.0 
227.0 -26167.0 
207.0 -24276.0 
181.0 -22265.0 
236.0 -26909.0 
232.0 -26782.0 
200.0 -23872.0 
193.0 -23343.0 
201.0 -23894.0 
192.0 -23004.0 
202.0 -24073.0 
205.0 -24111.0 
186.0 -22308.0 
186.0 -22308.0 
189.0 -22646.0 
186.0 -22308.0 
248.0 -27039.0 
248.0 -27039.0 
251.0 -27087.0 
248.0 -27039.0 
226.0 -25612.0 
220.0 -25241.0 
216.0 -24400.0 
217.0 -24632.0 
229.0 -26158.0 
228.0 -25811.0 
211.0 -24231.0 
184.0 -22175.0 
183.0 -22020.0 
240.0 -26887.0 
199.0 -23271.0 
197.0 -22993.0 
194.0 -22791.0 
195.0 -22927.0 
202.0 -23905.0 
204.0 -24055.0 
193.0 -22467.0 
191.0 -22216.0 
221.0 -25054.0 
222.0 -25057.0 
220.0 -24937.0 
227.0 -25110.0 
216.0 -24305.0 
216.0 -24305.0 
218.0 -24579.0 
236.0 -26103.0 
232.0 -26062.0 
229.0 -25987.0 
189.0 -22122.0 
189.0 -22122.0 
184.0 -21986.0 
252.0 -26839.0 
242.0 -26837.0 
199.0 -23049.0 
200.0 -23136.0 
196.0 -22778.0 
198.0 -22824.0 
202.0 -23848.0 
207.0 -23869.0 
211.0 -23997.0 
211.0 -23997.0 
194.0 -22412.0 
224.0 -25049.0 
223.0 -24869.0 
228.0 -25081.0 
217.0 -24264.0 
219.0 -24322.0 
222.0 -24450.0 
220.0 -24348.0 
238.0 -26017.0 
240.0 -26043.0 
233.0 -25891.0 
234.0 -25933.0 
229.0 -25827.0 
235.0 -25937.0 
186.0 -21396.0 
186.0 -21396.0 
187.0 -21778.0 
247.0 -26571.0 
247.0 -26571.0 
242.0 -26523.0 
242.0 -26523.0 
248.0 -26728.0 
250.0 -26754.0 
248.0 -26728.0 
254.0 -26803.0 
256.0 -26832.0 
186.0 -21281.0 
258.0 -26738.0 
