167.0 -24117.0 
198.0 -26509.0 
169.0 -24429.0 
179.0 -24823.0 
185.0 -25423.0 
190.0 -25480.0 
198.0 -26509.0 
181.0 -25053.0 
198.0 -26509.0 
202.0 -26665.0 
187.0 -25453.0 
179.0 -24823.0 
159.0 -22981.0 
172.0 -24447.0 
175.0 -24601.0 
205.0 -27128.0 
194.0 -26232.0 
218.0 -27785.0 
198.0 -26509.0 
203.0 -26799.0 
159.0 -22981.0 
172.0 -24447.0 
221.0 -28420.0 
215.0 -27716.0 
184.0 -25249.0 
192.0 -26033.0 
209.0 -27632.0 
181.0 -25053.0 
204.0 -26963.0 
152.0 -22639.0 
191.0 -25944.0 
203.0 -26799.0 
170.0 -24382.0 
169.0 -23784.0 
185.0 -25261.0 
190.0 -25474.0 
188.0 -25299.0 
188.0 -25299.0 
178.0 -24561.0 
176.0 -24477.0 
195.0 -26071.0 
194.0 -26065.0 
218.0 -27760.0 
218.0 -27760.0 
198.0 -26472.0 
198.0 -26472.0 
198.0 -26472.0 
164.0 -22811.0 
173.0 -24404.0 
173.0 -24404.0 
221.0 -28019.0 
229.0 -28056.0 
209.0 -27151.0 
209.0 -27151.0 
213.0 -27318.0 
211.0 -27300.0 
214.0 -27526.0 
213.0 -27318.0 
217.0 -27572.0 
181.0 -24872.0 
184.0 -24965.0 
184.0 -24965.0 
206.0 -26924.0 
156.0 -22615.0 
162.0 -22619.0 
191.0 -25737.0 
191.0 -25737.0 
193.0 -25920.0 
203.0 -26475.0 
204.0 -26772.0 
232.0 -27816.0 
232.0 -27816.0 
156.0 -22255.0 
169.0 -23221.0 
165.0 -22563.0 
221.0 -27583.0 
224.0 -27733.0 
191.0 -25732.0 
178.0 -24479.0 
215.0 -27351.0 
171.0 -24210.0 
186.0 -25150.0 
204.0 -26645.0 
170.0 -23931.0 
175.0 -24377.0 
199.0 -26330.0 
190.0 -25415.0 
183.0 -24757.0 
195.0 -26000.0 
201.0 -26465.0 
206.0 -26896.0 
182.0 -24744.0 
159.0 -22554.0 
188.0 -25195.0 
158.0 -22466.0 
209.0 -26960.0 
211.0 -27215.0 
170.0 -23931.0 
196.0 -26061.0 
214.0 -27245.0 
