218.0 -27001.0 
201.0 -25386.0 
167.0 -22125.0 
209.0 -26256.0 
222.0 -27570.0 
220.0 -27205.0 
202.0 -26073.0 
167.0 -22125.0 
189.0 -24371.0 
204.0 -26203.0 
195.0 -24836.0 
201.0 -25386.0 
182.0 -24195.0 
198.0 -25106.0 
218.0 -27001.0 
167.0 -22125.0 
215.0 -26408.0 
177.0 -23865.0 
213.0 -26293.0 
218.0 -27001.0 
163.0 -21795.0 
242.0 -27502.0 
242.0 -27502.0 
225.0 -27489.0 
239.0 -27496.0 
194.0 -24352.0 
211.0 -26084.0 
212.0 -26175.0 
204.0 -26033.0 
190.0 -24113.0 
203.0 -24955.0 
200.0 -24431.0 
201.0 -24670.0 
216.0 -26375.0 
215.0 -26330.0 
180.0 -22586.0 
187.0 -23522.0 
187.0 -23522.0 
186.0 -23318.0 
188.0 -23763.0 
187.0 -23522.0 
181.0 -23252.0 
178.0 -22083.0 
177.0 -21808.0 
218.0 -26745.0 
174.0 -21534.0 
238.0 -27429.0 
226.0 -27315.0 
226.0 -27315.0 
244.0 -27446.0 
198.0 -24255.0 
196.0 -24159.0 
213.0 -26171.0 
207.0 -25667.0 
211.0 -25898.0 
211.0 -25898.0 
204.0 -25310.0 
195.0 -23890.0 
193.0 -23831.0 
203.0 -24788.0 
202.0 -24441.0 
180.0 -22562.0 
192.0 -23735.0 
190.0 -23546.0 
188.0 -23331.0 
189.0 -23493.0 
185.0 -22892.0 
183.0 -22820.0 
181.0 -22771.0 
187.0 -23206.0 
179.0 -22083.0 
179.0 -22083.0 
218.0 -26450.0 
225.0 -26503.0 
242.0 -27428.0 
179.0 -21702.0 
218.0 -26339.0 
214.0 -25896.0 
208.0 -25291.0 
238.0 -27305.0 
231.0 -27219.0 
196.0 -24143.0 
193.0 -23810.0 
180.0 -22145.0 
202.0 -24391.0 
191.0 -23534.0 
181.0 -22569.0 
226.0 -26819.0 
188.0 -23318.0 
230.0 -26925.0 
201.0 -24171.0 
224.0 -26373.0 
205.0 -24882.0 
204.0 -24880.0 
183.0 -22770.0 
186.0 -22850.0 
211.0 -25620.0 
211.0 -25620.0 
225.0 -26482.0 
187.0 -23009.0 
