243.0 -25238.0 
202.0 -22224.0 
224.0 -23911.0 
212.0 -23008.0 
245.0 -25688.0 
243.0 -25238.0 
186.0 -21396.0 
248.0 -27039.0 
216.0 -23749.0 
196.0 -22180.0 
230.0 -24833.0 
210.0 -22495.0 
237.0 -25026.0 
245.0 -25408.0 
250.0 -25578.0 
251.0 -26273.0 
254.0 -26803.0 
216.0 -23223.0 
218.0 -23536.0 
197.0 -21480.0 
203.0 -22124.0 
235.0 -23965.0 
241.0 -24633.0 
248.0 -25408.0 
254.0 -26456.0 
230.0 -23359.0 
223.0 -22957.0 
221.0 -22666.0 
224.0 -23121.0 
201.0 -21434.0 
220.0 -22047.0 
206.0 -21958.0 
240.0 -23832.0 
242.0 -24588.0 
248.0 -25384.0 
258.0 -25829.0 
274.0 -25960.0 
233.0 -23359.0 
233.0 -23359.0 
223.0 -22325.0 
225.0 -22910.0 
230.0 -22922.0 
202.0 -20532.0 
202.0 -20532.0 
215.0 -21619.0 
209.0 -21142.0 
222.0 -21667.0 
222.0 -21667.0 
221.0 -21632.0 
212.0 -21527.0 
208.0 -20821.0 
243.0 -23631.0 
245.0 -23645.0 
246.0 -24321.0 
251.0 -24961.0 
248.0 -24557.0 
249.0 -24660.0 
257.0 -25013.0 
258.0 -25429.0 
258.0 -25429.0 
263.0 -25669.0 
276.0 -25749.0 
234.0 -23047.0 
240.0 -23063.0 
233.0 -23014.0 
242.0 -23134.0 
223.0 -22279.0 
228.0 -22899.0 
225.0 -22573.0 
230.0 -22908.0 
205.0 -20428.0 
210.0 -21135.0 
217.0 -21275.0 
220.0 -21430.0 
208.0 -20569.0 
209.0 -20638.0 
246.0 -23841.0 
279.0 -25539.0 
210.0 -20430.0 
210.0 -20430.0 
270.0 -25518.0 
246.0 -23727.0 
248.0 -24167.0 
223.0 -22137.0 
259.0 -25151.0 
251.0 -24776.0 
244.0 -22992.0 
221.0 -21350.0 
262.0 -25164.0 
219.0 -21245.0 
229.0 -22762.0 
211.0 -20746.0 
215.0 -21001.0 
236.0 -22812.0 
225.0 -22265.0 
251.0 -24776.0 
226.0 -22529.0 
214.0 -20880.0 
240.0 -22983.0 
228.0 -22627.0 
