310.0 -23804.0 
253.0 -22508.0 
246.0 -20688.0 
239.0 -20485.0 
310.0 -23804.0 
276.0 -23289.0 
312.0 -24076.0 
280.0 -23653.0 
266.0 -21614.0 
273.0 -22188.0 
254.0 -20515.0 
264.0 -20551.0 
242.0 -20398.0 
242.0 -20398.0 
279.0 -22392.0 
279.0 -22392.0 
280.0 -23579.0 
282.0 -23646.0 
269.0 -21306.0 
268.0 -20798.0 
267.0 -20589.0 
249.0 -20227.0 
249.0 -20227.0 
243.0 -19296.0 
265.0 -20244.0 
281.0 -21391.0 
280.0 -21312.0 
299.0 -23469.0 
299.0 -23469.0 
294.0 -23042.0 
284.0 -22575.0 
294.0 -23042.0 
306.0 -23525.0 
290.0 -22669.0 
271.0 -20799.0 
275.0 -21144.0 
257.0 -20175.0 
253.0 -19781.0 
246.0 -19292.0 
289.0 -22321.0 
287.0 -22310.0 
284.0 -21739.0 
294.0 -22884.0 
298.0 -23002.0 
311.0 -23521.0 
293.0 -22622.0 
291.0 -22368.0 
291.0 -22368.0 
274.0 -20771.0 
271.0 -20561.0 
281.0 -20831.0 
261.0 -20106.0 
255.0 -19692.0 
255.0 -19692.0 
254.0 -18961.0 
290.0 -22077.0 
289.0 -21765.0 
285.0 -21638.0 
284.0 -21197.0 
307.0 -22932.0 
302.0 -22925.0 
314.0 -23506.0 
312.0 -23415.0 
291.0 -22259.0 
279.0 -20771.0 
273.0 -20193.0 
261.0 -20070.0 
258.0 -19378.0 
256.0 -18604.0 
290.0 -20871.0 
308.0 -22742.0 
305.0 -22504.0 
316.0 -23001.0 
321.0 -23317.0 
315.0 -22972.0 
292.0 -21943.0 
298.0 -22049.0 
300.0 -22233.0 
294.0 -22009.0 
300.0 -22233.0 
291.0 -20935.0 
289.0 -20758.0 
282.0 -20448.0 
276.0 -20186.0 
263.0 -20034.0 
314.0 -22549.0 
314.0 -22549.0 
308.0 -22350.0 
321.0 -23302.0 
317.0 -22875.0 
292.0 -21638.0 
295.0 -21938.0 
297.0 -21993.0 
301.0 -22226.0 
265.0 -18617.0 
326.0 -23253.0 
292.0 -20858.0 
268.0 -19613.0 
284.0 -20376.0 
271.0 -19964.0 
