179.0 -22083.0 
190.0 -24113.0 
242.0 -27502.0 
238.0 -27067.0 
185.0 -22892.0 
180.0 -22586.0 
196.0 -24143.0 
213.0 -25459.0 
201.0 -24670.0 
218.0 -27001.0 
187.0 -23522.0 
200.0 -24431.0 
210.0 -25288.0 
193.0 -23810.0 
245.0 -27256.0 
239.0 -27007.0 
186.0 -22850.0 
181.0 -22265.0 
214.0 -25351.0 
202.0 -24441.0 
205.0 -24478.0 
220.0 -25775.0 
236.0 -26909.0 
232.0 -26782.0 
226.0 -26221.0 
188.0 -23331.0 
191.0 -23517.0 
200.0 -23872.0 
201.0 -23894.0 
201.0 -23894.0 
212.0 -25270.0 
245.0 -27226.0 
245.0 -27226.0 
186.0 -22796.0 
184.0 -22175.0 
183.0 -22020.0 
181.0 -21799.0 
183.0 -22020.0 
217.0 -25274.0 
218.0 -25319.0 
202.0 -24073.0 
210.0 -24361.0 
207.0 -24276.0 
205.0 -24121.0 
238.0 -26824.0 
240.0 -26887.0 
237.0 -26408.0 
226.0 -26040.0 
227.0 -26167.0 
190.0 -23285.0 
193.0 -23343.0 
214.0 -24439.0 
215.0 -24818.0 
251.0 -27087.0 
248.0 -27039.0 
248.0 -27039.0 
248.0 -27039.0 
186.0 -22308.0 
186.0 -22308.0 
189.0 -22646.0 
186.0 -22308.0 
187.0 -22552.0 
181.0 -21228.0 
184.0 -21986.0 
217.0 -25144.0 
220.0 -25241.0 
202.0 -23905.0 
204.0 -24069.0 
211.0 -24245.0 
205.0 -24111.0 
239.0 -26706.0 
242.0 -26837.0 
226.0 -25864.0 
226.0 -25864.0 
229.0 -26158.0 
192.0 -23004.0 
191.0 -22978.0 
199.0 -23271.0 
196.0 -23098.0 
215.0 -24659.0 
216.0 -24783.0 
252.0 -26839.0 
183.0 -21011.0 
215.0 -24633.0 
226.0 -25826.0 
232.0 -26150.0 
221.0 -25152.0 
187.0 -21778.0 
202.0 -23848.0 
241.0 -26259.0 
189.0 -22405.0 
242.0 -26523.0 
200.0 -23136.0 
219.0 -25143.0 
211.0 -24231.0 
204.0 -24055.0 
229.0 -25987.0 
193.0 -22467.0 
210.0 -24089.0 
186.0 -21396.0 
