405.0 -18487.0 
427.0 -18188.0 
445.0 -16695.0 
449.0 -15818.0 
461.0 -16629.0 
466.0 -14754.0 
477.0 -14809.0 
487.0 -15360.0 
462.0 -13835.0 
497.0 -13820.0 
523.0 -13262.0 
534.0 -13103.0 
413.0 -19420.0 
461.0 -21444.0 
555.0 -22306.0 
597.0 -22683.0 
413.0 -12530.0 
421.0 -19274.0 
540.0 -21327.0 
462.0 -19525.0 
465.0 -21263.0 
565.0 -21923.0 
437.0 -18845.0 
561.0 -21280.0 
517.0 -21257.0 
469.0 -18906.0 
481.0 -21105.0 
491.0 -21154.0 
616.0 -21666.0 
590.0 -21664.0 
623.0 -21687.0 
461.0 -18388.0 
451.0 -17345.0 
566.0 -21218.0 
483.0 -18873.0 
492.0 -19692.0 
508.0 -21139.0 
491.0 -19048.0 
497.0 -20092.0 
640.0 -21283.0 
477.0 -17948.0 
468.0 -17246.0 
581.0 -21211.0 
496.0 -19352.0 
494.0 -19133.0 
538.0 -20182.0 
576.0 -21086.0 
514.0 -20136.0 
539.0 -20836.0 
493.0 -18969.0 
512.0 -20079.0 
482.0 -17875.0 
478.0 -17775.0 
476.0 -16371.0 
670.0 -21209.0 
629.0 -21166.0 
508.0 -19158.0 
590.0 -20962.0 
528.0 -20121.0 
548.0 -20830.0 
545.0 -20500.0 
499.0 -18692.0 
526.0 -19624.0 
513.0 -19500.0 
527.0 -20023.0 
490.0 -15848.0 
652.0 -21047.0 
654.0 -21145.0 
511.0 -18824.0 
625.0 -20894.0 
557.0 -20758.0 
603.0 -20810.0 
551.0 -20122.0 
501.0 -18160.0 
504.0 -18355.0 
519.0 -19357.0 
513.0 -18871.0 
514.0 -19169.0 
532.0 -19633.0 
545.0 -19740.0 
544.0 -19698.0 
497.0 -15790.0 
655.0 -21126.0 
654.0 -20871.0 
653.0 -20867.0 
629.0 -20835.0 
580.0 -20598.0 
557.0 -20488.0 
574.0 -20496.0 
607.0 -20605.0 
551.0 -19948.0 
502.0 -18119.0 
505.0 -18301.0 
517.0 -19057.0 
526.0 -19132.0 
524.0 -19062.0 
514.0 -18921.0 
547.0 -19465.0 
669.0 -21100.0 
503.0 -16307.0 
