212.0 -23008.0 
245.0 -25688.0 
248.0 -27039.0 
216.0 -23749.0 
222.0 -23968.0 
247.0 -26571.0 
223.0 -24276.0 
248.0 -27039.0 
186.0 -22308.0 
224.0 -25049.0 
231.0 -25296.0 
241.0 -25406.0 
200.0 -22853.0 
245.0 -25408.0 
216.0 -23223.0 
218.0 -23536.0 
222.0 -23666.0 
254.0 -26803.0 
248.0 -26728.0 
186.0 -21396.0 
189.0 -22122.0 
191.0 -22216.0 
230.0 -24833.0 
225.0 -24500.0 
224.0 -24175.0 
237.0 -25026.0 
237.0 -25026.0 
240.0 -25269.0 
202.0 -22224.0 
210.0 -22495.0 
210.0 -22495.0 
214.0 -22630.0 
216.0 -22933.0 
218.0 -23131.0 
248.0 -26452.0 
254.0 -26456.0 
248.0 -26452.0 
186.0 -21281.0 
196.0 -22180.0 
192.0 -21576.0 
226.0 -24104.0 
224.0 -23911.0 
237.0 -24551.0 
243.0 -25238.0 
243.0 -25238.0 
241.0 -24768.0 
240.0 -24739.0 
202.0 -22208.0 
210.0 -22273.0 
212.0 -22372.0 
213.0 -22448.0 
220.0 -23125.0 
218.0 -22801.0 
250.0 -25578.0 
251.0 -26273.0 
248.0 -25408.0 
201.0 -21604.0 
197.0 -21480.0 
200.0 -21514.0 
193.0 -21422.0 
232.0 -24103.0 
231.0 -24075.0 
224.0 -23356.0 
227.0 -23788.0 
238.0 -24538.0 
237.0 -24190.0 
246.0 -24851.0 
241.0 -24633.0 
241.0 -24633.0 
203.0 -22124.0 
213.0 -22308.0 
222.0 -23099.0 
221.0 -22666.0 
221.0 -22666.0 
250.0 -25521.0 
262.0 -26250.0 
252.0 -26055.0 
248.0 -25384.0 
201.0 -21434.0 
199.0 -20614.0 
235.0 -23965.0 
224.0 -23121.0 
227.0 -23645.0 
240.0 -24379.0 
242.0 -24588.0 
243.0 -24593.0 
207.0 -22107.0 
205.0 -22066.0 
203.0 -21603.0 
204.0 -21960.0 
220.0 -22160.0 
274.0 -25960.0 
201.0 -21137.0 
217.0 -22104.0 
206.0 -22007.0 
223.0 -22957.0 
235.0 -23938.0 
250.0 -25506.0 
229.0 -23621.0 
266.0 -25952.0 
