299.0 -23469.0 
299.0 -23469.0 
294.0 -23042.0 
293.0 -22622.0 
269.0 -21306.0 
279.0 -22392.0 
254.0 -20515.0 
242.0 -20398.0 
284.0 -22575.0 
242.0 -20398.0 
310.0 -23804.0 
264.0 -20551.0 
279.0 -22392.0 
294.0 -22884.0 
307.0 -22932.0 
302.0 -22925.0 
271.0 -20799.0 
249.0 -20227.0 
314.0 -23506.0 
312.0 -23415.0 
285.0 -21638.0 
292.0 -21943.0 
298.0 -22049.0 
301.0 -22226.0 
308.0 -22350.0 
279.0 -20771.0 
257.0 -20175.0 
254.0 -18961.0 
255.0 -19692.0 
255.0 -19692.0 
273.0 -20193.0 
323.0 -22991.0 
317.0 -22875.0 
314.0 -22549.0 
295.0 -21938.0 
305.0 -21992.0 
292.0 -20644.0 
261.0 -20106.0 
258.0 -19378.0 
276.0 -20186.0 
325.0 -22896.0 
319.0 -22269.0 
295.0 -21862.0 
300.0 -21918.0 
261.0 -20070.0 
289.0 -20173.0 
325.0 -22815.0 
324.0 -22155.0 
297.0 -21732.0 
298.0 -21758.0 
295.0 -20552.0 
309.0 -21918.0 
268.0 -19613.0 
282.0 -20030.0 
290.0 -20032.0 
328.0 -22553.0 
340.0 -22647.0 
326.0 -22351.0 
340.0 -22647.0 
299.0 -21606.0 
298.0 -20638.0 
316.0 -21858.0 
313.0 -21662.0 
313.0 -21662.0 
317.0 -21900.0 
271.0 -19353.0 
279.0 -19385.0 
283.0 -19859.0 
294.0 -19996.0 
331.0 -22279.0 
328.0 -22247.0 
342.0 -22568.0 
299.0 -20715.0 
307.0 -21602.0 
302.0 -21377.0 
305.0 -21576.0 
298.0 -20023.0 
317.0 -21682.0 
318.0 -21710.0 
327.0 -21874.0 
322.0 -21809.0 
326.0 -21848.0 
271.0 -18952.0 
344.0 -22400.0 
298.0 -19869.0 
334.0 -22230.0 
310.0 -21584.0 
329.0 -21944.0 
304.0 -21148.0 
289.0 -19695.0 
322.0 -21722.0 
279.0 -19110.0 
307.0 -21433.0 
299.0 -20383.0 
343.0 -22379.0 
303.0 -20703.0 
285.0 -19126.0 
323.0 -21809.0 
288.0 -19459.0 
286.0 -19359.0 
