534.0 -13103.0 
688.0 -20967.0 
503.0 -16307.0 
583.0 -19791.0 
667.0 -20245.0 
514.0 -17313.0 
526.0 -19624.0 
733.0 -20523.0 
532.0 -18341.0 
578.0 -18804.0 
631.0 -19591.0 
599.0 -19255.0 
586.0 -19020.0 
613.0 -19492.0 
550.0 -18172.0 
548.0 -16915.0 
583.0 -18459.0 
592.0 -18573.0 
603.0 -18928.0 
599.0 -18600.0 
643.0 -19149.0 
690.0 -19438.0 
639.0 -19127.0 
661.0 -19264.0 
551.0 -18101.0 
549.0 -15136.0 
618.0 -18877.0 
641.0 -18922.0 
644.0 -19109.0 
692.0 -19222.0 
600.0 -17821.0 
557.0 -17503.0 
609.0 -18002.0 
594.0 -17508.0 
551.0 -15928.0 
628.0 -18081.0 
637.0 -18345.0 
645.0 -19041.0 
591.0 -17331.0 
560.0 -16991.0 
557.0 -16439.0 
614.0 -17737.0 
634.0 -18057.0 
647.0 -18739.0 
602.0 -16694.0 
576.0 -16682.0 
572.0 -14543.0 
571.0 -13869.0 
616.0 -16726.0 
632.0 -17720.0 
636.0 -17743.0 
721.0 -18597.0 
649.0 -18066.0 
669.0 -18504.0 
656.0 -18108.0 
611.0 -16391.0 
576.0 -15409.0 
579.0 -15812.0 
595.0 -16203.0 
636.0 -16740.0 
643.0 -17702.0 
640.0 -17399.0 
730.0 -18571.0 
651.0 -17730.0 
671.0 -18215.0 
674.0 -18493.0 
613.0 -16381.0 
576.0 -14786.0 
582.0 -15177.0 
586.0 -15203.0 
640.0 -17255.0 
671.0 -17857.0 
681.0 -18300.0 
625.0 -16352.0 
614.0 -16288.0 
612.0 -15176.0 
591.0 -14982.0 
642.0 -17220.0 
697.0 -17906.0 
755.0 -18050.0 
766.0 -18236.0 
617.0 -16031.0 
638.0 -16054.0 
595.0 -13284.0 
596.0 -14942.0 
647.0 -17052.0 
642.0 -16817.0 
645.0 -16858.0 
650.0 -17216.0 
729.0 -17799.0 
699.0 -17329.0 
596.0 -13874.0 
741.0 -17696.0 
607.0 -14805.0 
681.0 -17188.0 
648.0 -15945.0 
649.0 -17040.0 
621.0 -15612.0 
623.0 -15652.0 
652.0 -17155.0 
