299.0 -23469.0 
299.0 -23469.0 
294.0 -23042.0 
293.0 -22622.0 
242.0 -20398.0 
284.0 -22575.0 
242.0 -20398.0 
310.0 -23804.0 
253.0 -22508.0 
246.0 -20688.0 
294.0 -23042.0 
311.0 -23521.0 
269.0 -21306.0 
279.0 -22392.0 
279.0 -22392.0 
268.0 -20798.0 
254.0 -20515.0 
264.0 -20551.0 
249.0 -20227.0 
249.0 -20227.0 
246.0 -19292.0 
294.0 -22884.0 
298.0 -23002.0 
314.0 -23506.0 
312.0 -23415.0 
271.0 -20799.0 
285.0 -21638.0 
291.0 -22368.0 
281.0 -21391.0 
290.0 -22077.0 
280.0 -21312.0 
257.0 -20175.0 
255.0 -19692.0 
255.0 -19692.0 
254.0 -18961.0 
307.0 -22932.0 
302.0 -22925.0 
326.0 -23253.0 
316.0 -23001.0 
273.0 -20193.0 
274.0 -20771.0 
291.0 -22259.0 
290.0 -20871.0 
281.0 -20831.0 
261.0 -20106.0 
258.0 -19378.0 
308.0 -22742.0 
305.0 -22504.0 
323.0 -22991.0 
317.0 -22875.0 
279.0 -20771.0 
276.0 -20186.0 
292.0 -21943.0 
298.0 -22049.0 
300.0 -22233.0 
294.0 -22009.0 
261.0 -20070.0 
314.0 -22549.0 
314.0 -22549.0 
308.0 -22350.0 
325.0 -22896.0 
320.0 -22798.0 
289.0 -20758.0 
286.0 -20136.0 
292.0 -20858.0 
301.0 -22226.0 
295.0 -21938.0 
263.0 -20034.0 
319.0 -22269.0 
325.0 -22815.0 
289.0 -20173.0 
291.0 -20335.0 
292.0 -20644.0 
305.0 -21992.0 
314.0 -22171.0 
311.0 -22134.0 
317.0 -22213.0 
295.0 -21862.0 
300.0 -21918.0 
268.0 -19613.0 
282.0 -20030.0 
271.0 -19964.0 
319.0 -22242.0 
328.0 -22553.0 
326.0 -22351.0 
329.0 -22765.0 
290.0 -20032.0 
297.0 -21732.0 
295.0 -20552.0 
298.0 -21840.0 
309.0 -21918.0 
268.0 -18906.0 
271.0 -19353.0 
279.0 -19385.0 
283.0 -19859.0 
282.0 -19450.0 
323.0 -22178.0 
340.0 -22647.0 
340.0 -22647.0 
271.0 -18952.0 
