445.0 -16695.0 
466.0 -14754.0 
477.0 -14809.0 
534.0 -13103.0 
492.0 -19692.0 
413.0 -19420.0 
565.0 -21923.0 
508.0 -21139.0 
517.0 -21257.0 
461.0 -18388.0 
491.0 -19048.0 
496.0 -19352.0 
413.0 -12530.0 
469.0 -18906.0 
640.0 -21283.0 
538.0 -20182.0 
526.0 -19624.0 
519.0 -19357.0 
548.0 -20830.0 
566.0 -21218.0 
532.0 -19633.0 
468.0 -17246.0 
493.0 -18969.0 
517.0 -19057.0 
477.0 -17948.0 
483.0 -18873.0 
545.0 -19740.0 
526.0 -19132.0 
524.0 -19062.0 
557.0 -20758.0 
551.0 -20122.0 
670.0 -21209.0 
590.0 -20962.0 
629.0 -21166.0 
514.0 -18921.0 
482.0 -17875.0 
501.0 -18160.0 
513.0 -18871.0 
504.0 -18355.0 
511.0 -18824.0 
547.0 -19465.0 
544.0 -19048.0 
580.0 -20598.0 
557.0 -20488.0 
574.0 -20496.0 
551.0 -19948.0 
603.0 -20810.0 
652.0 -21047.0 
655.0 -21126.0 
490.0 -15848.0 
502.0 -18119.0 
505.0 -18301.0 
519.0 -18822.0 
557.0 -20212.0 
590.0 -20299.0 
555.0 -19837.0 
551.0 -19105.0 
554.0 -19697.0 
556.0 -19936.0 
607.0 -20605.0 
654.0 -20871.0 
653.0 -20867.0 
669.0 -21100.0 
503.0 -16307.0 
508.0 -17691.0 
532.0 -18341.0 
548.0 -18796.0 
537.0 -18575.0 
544.0 -18779.0 
604.0 -19992.0 
555.0 -19267.0 
563.0 -19790.0 
556.0 -19343.0 
573.0 -19898.0 
610.0 -20406.0 
622.0 -20587.0 
661.0 -20697.0 
688.0 -20967.0 
744.0 -21011.0 
504.0 -16223.0 
514.0 -17313.0 
527.0 -17392.0 
508.0 -16870.0 
535.0 -17886.0 
533.0 -17829.0 
532.0 -17600.0 
550.0 -18172.0 
608.0 -19925.0 
562.0 -19089.0 
563.0 -19271.0 
583.0 -19791.0 
594.0 -19897.0 
615.0 -20104.0 
614.0 -19972.0 
625.0 -20562.0 
624.0 -20372.0 
669.0 -20631.0 
751.0 -20838.0 
511.0 -16499.0 
627.0 -20555.0 
