167.0 -22125.0 
222.0 -27570.0 
220.0 -27205.0 
167.0 -22125.0 
204.0 -26203.0 
182.0 -24195.0 
167.0 -22125.0 
177.0 -23865.0 
163.0 -21795.0 
199.0 -25723.0 
182.0 -24195.0 
166.0 -21921.0 
169.0 -22630.0 
174.0 -22932.0 
221.0 -27367.0 
163.0 -21795.0 
176.0 -23253.0 
192.0 -25317.0 
188.0 -25195.0 
163.0 -21795.0 
187.0 -24237.0 
169.0 -22630.0 
167.0 -22125.0 
210.0 -27080.0 
194.0 -25439.0 
232.0 -27816.0 
205.0 -26500.0 
222.0 -27570.0 
201.0 -26157.0 
178.0 -23865.0 
178.0 -23865.0 
182.0 -23907.0 
166.0 -21805.0 
177.0 -23141.0 
189.0 -24371.0 
191.0 -24749.0 
189.0 -24371.0 
190.0 -24416.0 
192.0 -24956.0 
176.0 -22586.0 
170.0 -22504.0 
167.0 -21841.0 
211.0 -26776.0 
217.0 -26996.0 
216.0 -26937.0 
218.0 -27012.0 
221.0 -27071.0 
196.0 -25251.0 
238.0 -27622.0 
209.0 -26256.0 
208.0 -26204.0 
209.0 -26256.0 
209.0 -26256.0 
210.0 -26312.0 
225.0 -27489.0 
225.0 -27489.0 
230.0 -27497.0 
223.0 -27197.0 
202.0 -26073.0 
201.0 -25463.0 
201.0 -25463.0 
181.0 -23826.0 
179.0 -23581.0 
177.0 -22947.0 
191.0 -24695.0 
190.0 -24113.0 
190.0 -24113.0 
195.0 -24867.0 
194.0 -24815.0 
172.0 -22298.0 
175.0 -22412.0 
170.0 -22252.0 
214.0 -26611.0 
216.0 -26735.0 
217.0 -26803.0 
217.0 -26803.0 
218.0 -27001.0 
218.0 -27001.0 
218.0 -27001.0 
218.0 -27001.0 
196.0 -25245.0 
242.0 -27502.0 
242.0 -27502.0 
209.0 -26251.0 
213.0 -26293.0 
226.0 -27315.0 
226.0 -27315.0 
227.0 -27334.0 
228.0 -27378.0 
225.0 -27217.0 
239.0 -27496.0 
238.0 -27429.0 
232.0 -27421.0 
204.0 -26033.0 
206.0 -26037.0 
202.0 -25661.0 
201.0 -25386.0 
201.0 -25386.0 
172.0 -22001.0 
244.0 -27446.0 
