338.0 -19566.0 
351.0 -20265.0 
311.0 -18537.0 
302.0 -17982.0 
371.0 -21186.0 
292.0 -17980.0 
348.0 -19811.0 
323.0 -19366.0 
360.0 -20051.0 
362.0 -20232.0 
374.0 -20790.0 
305.0 -17892.0 
358.0 -19765.0 
352.0 -19462.0 
357.0 -19570.0 
334.0 -18863.0 
339.0 -19026.0 
332.0 -18067.0 
339.0 -19026.0 
343.0 -19115.0 
369.0 -19950.0 
378.0 -20416.0 
379.0 -20580.0 
308.0 -17811.0 
362.0 -19740.0 
358.0 -19491.0 
357.0 -19435.0 
336.0 -18685.0 
339.0 -19024.0 
377.0 -19890.0 
369.0 -19855.0 
382.0 -20536.0 
310.0 -17712.0 
334.0 -17738.0 
358.0 -19413.0 
341.0 -18500.0 
339.0 -17912.0 
347.0 -18844.0 
346.0 -18674.0 
343.0 -18648.0 
339.0 -17912.0 
371.0 -19844.0 
385.0 -20403.0 
316.0 -17441.0 
320.0 -17479.0 
322.0 -17515.0 
334.0 -17607.0 
338.0 -17726.0 
359.0 -19164.0 
348.0 -18832.0 
345.0 -18574.0 
344.0 -17818.0 
382.0 -19647.0 
381.0 -19522.0 
381.0 -19522.0 
379.0 -19321.0 
392.0 -19689.0 
321.0 -17293.0 
320.0 -16368.0 
323.0 -17333.0 
324.0 -17490.0 
365.0 -19161.0 
350.0 -18580.0 
352.0 -18832.0 
349.0 -17788.0 
345.0 -17768.0 
383.0 -19369.0 
392.0 -19644.0 
327.0 -16341.0 
333.0 -16696.0 
328.0 -16416.0 
341.0 -17237.0 
343.0 -17283.0 
382.0 -19000.0 
378.0 -18987.0 
350.0 -18472.0 
355.0 -18821.0 
345.0 -17675.0 
349.0 -17763.0 
384.0 -19292.0 
383.0 -19182.0 
397.0 -19591.0 
393.0 -19478.0 
335.0 -16672.0 
344.0 -16925.0 
354.0 -18400.0 
351.0 -18313.0 
350.0 -18176.0 
356.0 -18604.0 
355.0 -18464.0 
362.0 -18725.0 
358.0 -18719.0 
404.0 -19378.0 
340.0 -16615.0 
385.0 -19058.0 
348.0 -16870.0 
368.0 -18658.0 
351.0 -17934.0 
362.0 -18529.0 
353.0 -18021.0 
