202.0 -22224.0 
212.0 -23008.0 
245.0 -25688.0 
186.0 -21396.0 
248.0 -27039.0 
216.0 -23749.0 
196.0 -22180.0 
230.0 -24833.0 
210.0 -22495.0 
237.0 -25026.0 
210.0 -22495.0 
237.0 -25026.0 
240.0 -25269.0 
222.0 -23968.0 
189.0 -22122.0 
225.0 -24500.0 
247.0 -26571.0 
223.0 -24276.0 
248.0 -27039.0 
202.0 -22208.0 
214.0 -22630.0 
245.0 -25408.0 
216.0 -23223.0 
218.0 -23536.0 
210.0 -22273.0 
212.0 -22372.0 
238.0 -24538.0 
243.0 -25238.0 
243.0 -25238.0 
241.0 -24768.0 
240.0 -24739.0 
222.0 -23666.0 
197.0 -21480.0 
201.0 -21604.0 
200.0 -21514.0 
226.0 -24104.0 
224.0 -23911.0 
254.0 -26803.0 
248.0 -26728.0 
203.0 -22124.0 
216.0 -22933.0 
218.0 -23131.0 
213.0 -22308.0 
241.0 -24633.0 
240.0 -24379.0 
241.0 -24633.0 
201.0 -21434.0 
232.0 -24103.0 
224.0 -23356.0 
227.0 -23788.0 
248.0 -26452.0 
254.0 -26456.0 
248.0 -26452.0 
207.0 -22107.0 
205.0 -22066.0 
203.0 -21603.0 
220.0 -23125.0 
242.0 -24588.0 
201.0 -21137.0 
235.0 -23965.0 
227.0 -23645.0 
250.0 -25578.0 
251.0 -26273.0 
248.0 -25408.0 
206.0 -22007.0 
222.0 -23099.0 
221.0 -22666.0 
224.0 -23121.0 
220.0 -22160.0 
246.0 -24373.0 
242.0 -24007.0 
246.0 -24373.0 
202.0 -20532.0 
202.0 -20532.0 
240.0 -23832.0 
230.0 -23359.0 
228.0 -23136.0 
250.0 -25521.0 
262.0 -26250.0 
252.0 -26055.0 
248.0 -25384.0 
206.0 -21958.0 
223.0 -22957.0 
226.0 -22969.0 
220.0 -22047.0 
246.0 -24321.0 
205.0 -20428.0 
205.0 -20428.0 
240.0 -23691.0 
241.0 -23728.0 
233.0 -23359.0 
233.0 -23359.0 
258.0 -25829.0 
274.0 -25960.0 
266.0 -25952.0 
256.0 -25520.0 
251.0 -24961.0 
249.0 -24660.0 
255.0 -25355.0 
248.0 -24557.0 
