248.0 -27039.0 
248.0 -27039.0 
229.0 -26158.0 
226.0 -26040.0 
251.0 -27087.0 
248.0 -27039.0 
179.0 -22083.0 
214.0 -24439.0 
190.0 -24113.0 
205.0 -24121.0 
239.0 -27007.0 
186.0 -22796.0 
184.0 -22175.0 
210.0 -24361.0 
217.0 -25144.0 
236.0 -26103.0 
232.0 -26062.0 
229.0 -25987.0 
228.0 -25811.0 
226.0 -25612.0 
216.0 -24400.0 
200.0 -23872.0 
193.0 -23343.0 
201.0 -23894.0 
205.0 -24111.0 
247.0 -26571.0 
247.0 -26571.0 
242.0 -26523.0 
248.0 -26728.0 
250.0 -26754.0 
248.0 -26728.0 
242.0 -26523.0 
252.0 -26839.0 
186.0 -22308.0 
186.0 -22308.0 
189.0 -22646.0 
186.0 -22308.0 
184.0 -21986.0 
211.0 -24231.0 
221.0 -25054.0 
218.0 -24579.0 
222.0 -25057.0 
238.0 -26017.0 
240.0 -26043.0 
233.0 -25891.0 
234.0 -25933.0 
227.0 -25110.0 
230.0 -25402.0 
230.0 -25402.0 
216.0 -24305.0 
196.0 -22778.0 
197.0 -22993.0 
199.0 -23049.0 
202.0 -23848.0 
248.0 -26581.0 
242.0 -26508.0 
254.0 -26803.0 
256.0 -26832.0 
194.0 -22412.0 
189.0 -22122.0 
191.0 -22216.0 
189.0 -22122.0 
186.0 -21396.0 
186.0 -21396.0 
211.0 -23997.0 
219.0 -24322.0 
224.0 -25049.0 
223.0 -24869.0 
222.0 -24450.0 
258.0 -26738.0 
186.0 -21281.0 
216.0 -23749.0 
243.0 -25885.0 
203.0 -23672.0 
234.0 -25755.0 
202.0 -23618.0 
217.0 -24264.0 
246.0 -26078.0 
189.0 -21686.0 
225.0 -24841.0 
200.0 -22853.0 
248.0 -26452.0 
223.0 -24569.0 
222.0 -24300.0 
254.0 -26457.0 
228.0 -25081.0 
197.0 -22602.0 
255.0 -26657.0 
196.0 -22180.0 
194.0 -21776.0 
233.0 -25535.0 
196.0 -22180.0 
199.0 -22649.0 
192.0 -21767.0 
230.0 -25159.0 
232.0 -25352.0 
200.0 -22853.0 
231.0 -25296.0 
194.0 -21776.0 
248.0 -26452.0 
