346.0 -22264.0 
268.0 -19613.0 
314.0 -21022.0 
290.0 -20032.0 
348.0 -21479.0 
288.0 -18459.0 
341.0 -20587.0 
317.0 -19737.0 
291.0 -19121.0 
355.0 -21194.0 
289.0 -17929.0 
352.0 -20571.0 
345.0 -20502.0 
342.0 -20059.0 
338.0 -19566.0 
323.0 -19366.0 
324.0 -19496.0 
292.0 -17980.0 
298.0 -18867.0 
371.0 -21186.0 
358.0 -21142.0 
356.0 -20504.0 
351.0 -20265.0 
344.0 -19808.0 
348.0 -19811.0 
328.0 -19493.0 
311.0 -18537.0 
298.0 -18510.0 
365.0 -21094.0 
360.0 -20051.0 
362.0 -20232.0 
358.0 -19765.0 
357.0 -19570.0 
352.0 -19462.0 
339.0 -19461.0 
334.0 -18863.0 
337.0 -19448.0 
329.0 -18862.0 
302.0 -17982.0 
309.0 -18228.0 
300.0 -17769.0 
373.0 -20984.0 
369.0 -20429.0 
361.0 -19990.0 
365.0 -20140.0 
358.0 -19491.0 
344.0 -19403.0 
357.0 -19435.0 
339.0 -19382.0 
329.0 -18286.0 
336.0 -18685.0 
335.0 -18551.0 
305.0 -17892.0 
310.0 -18144.0 
327.0 -18190.0 
374.0 -20790.0 
362.0 -19740.0 
369.0 -19950.0 
373.0 -19966.0 
366.0 -19945.0 
358.0 -19413.0 
339.0 -19026.0 
339.0 -19026.0 
343.0 -19115.0 
354.0 -19149.0 
357.0 -19315.0 
337.0 -18306.0 
335.0 -18215.0 
307.0 -17820.0 
332.0 -18067.0 
376.0 -20740.0 
374.0 -19966.0 
367.0 -19522.0 
369.0 -19855.0 
373.0 -19929.0 
339.0 -19024.0 
359.0 -19164.0 
335.0 -18162.0 
308.0 -17811.0 
307.0 -17424.0 
308.0 -17811.0 
332.0 -17812.0 
378.0 -20416.0 
379.0 -20580.0 
380.0 -20635.0 
381.0 -20642.0 
371.0 -19844.0 
370.0 -19577.0 
377.0 -19890.0 
341.0 -18500.0 
343.0 -18648.0 
348.0 -18892.0 
356.0 -18953.0 
343.0 -18648.0 
344.0 -18847.0 
365.0 -19161.0 
337.0 -18124.0 
335.0 -17977.0 
310.0 -17806.0 
382.0 -20536.0 
