445.0 -16695.0 
466.0 -14754.0 
534.0 -13103.0 
492.0 -19692.0 
640.0 -21283.0 
603.0 -20810.0 
461.0 -18388.0 
557.0 -20758.0 
538.0 -20182.0 
526.0 -19624.0 
493.0 -18969.0 
517.0 -19057.0 
519.0 -19357.0 
669.0 -21100.0 
652.0 -21047.0 
670.0 -21209.0 
468.0 -17246.0 
477.0 -17948.0 
607.0 -20605.0 
557.0 -20212.0 
580.0 -20598.0 
545.0 -19740.0 
551.0 -20122.0 
501.0 -18160.0 
513.0 -18871.0 
526.0 -19132.0 
654.0 -20871.0 
688.0 -20967.0 
744.0 -21011.0 
490.0 -15848.0 
610.0 -20406.0 
604.0 -19992.0 
555.0 -19837.0 
502.0 -18119.0 
532.0 -18341.0 
548.0 -18796.0 
551.0 -19105.0 
656.0 -20443.0 
669.0 -20631.0 
751.0 -20838.0 
631.0 -20196.0 
615.0 -20104.0 
634.0 -20388.0 
608.0 -19925.0 
583.0 -19791.0 
563.0 -19790.0 
503.0 -16307.0 
514.0 -17313.0 
527.0 -17392.0 
508.0 -16870.0 
535.0 -17886.0 
550.0 -18172.0 
562.0 -18766.0 
733.0 -20523.0 
667.0 -20245.0 
648.0 -20222.0 
676.0 -20308.0 
611.0 -19832.0 
644.0 -19910.0 
589.0 -19694.0 
584.0 -19623.0 
573.0 -19050.0 
567.0 -18875.0 
504.0 -16223.0 
527.0 -17366.0 
544.0 -17772.0 
551.0 -18101.0 
649.0 -19989.0 
731.0 -20278.0 
634.0 -19757.0 
585.0 -19605.0 
578.0 -18804.0 
570.0 -18799.0 
524.0 -15151.0 
522.0 -14349.0 
528.0 -15569.0 
532.0 -17211.0 
552.0 -17599.0 
554.0 -17787.0 
735.0 -19861.0 
663.0 -19757.0 
661.0 -19658.0 
631.0 -19591.0 
586.0 -19020.0 
612.0 -19486.0 
613.0 -19518.0 
592.0 -19428.0 
629.0 -19569.0 
571.0 -18514.0 
573.0 -18774.0 
528.0 -14917.0 
690.0 -19632.0 
557.0 -17503.0 
579.0 -18706.0 
613.0 -19492.0 
663.0 -19536.0 
532.0 -16217.0 
548.0 -16915.0 
536.0 -16221.0 
587.0 -18784.0 
