82.0 -101.0 
1.0 -2.0 
82.0 -101.0 
1.0 -2.0 
65.0 -82.0 
65.0 -82.0 
50.0 -65.0 
50.0 -65.0 
37.0 -50.0 
37.0 -50.0 
26.0 -37.0 
26.0 -37.0 
17.0 -26.0 
17.0 -26.0 
10.0 -17.0 
10.0 -17.0 
5.0 -10.0 
5.0 -10.0 
2.0 -5.0 
2.0 -5.0 
1.0 -2.0 
82.0 -101.0 
65.0 -82.0 
50.0 -65.0 
37.0 -50.0 
26.0 -37.0 
17.0 -26.0 
10.0 -17.0 
5.0 -10.0 
2.0 -5.0 
1.0 -2.0 
82.0 -101.0 
65.0 -82.0 
50.0 -65.0 
37.0 -50.0 
26.0 -37.0 
17.0 -26.0 
10.0 -17.0 
5.0 -10.0 
2.0 -5.0 
1.0 -2.0 
82.0 -101.0 
65.0 -82.0 
50.0 -65.0 
37.0 -50.0 
26.0 -37.0 
17.0 -26.0 
10.0 -17.0 
5.0 -10.0 
2.0 -5.0 
1.0 -2.0 
82.0 -101.0 
65.0 -82.0 
50.0 -65.0 
37.0 -50.0 
26.0 -37.0 
17.0 -26.0 
10.0 -17.0 
5.0 -10.0 
2.0 -5.0 
82.0 -101.0 
1.0 -2.0 
65.0 -82.0 
50.0 -65.0 
37.0 -50.0 
26.0 -37.0 
17.0 -26.0 
10.0 -17.0 
5.0 -10.0 
2.0 -5.0 
1.0 -2.0 
82.0 -101.0 
65.0 -82.0 
50.0 -65.0 
37.0 -50.0 
26.0 -37.0 
17.0 -26.0 
10.0 -17.0 
5.0 -10.0 
2.0 -5.0 
1.0 -2.0 
82.0 -101.0 
65.0 -82.0 
50.0 -65.0 
37.0 -50.0 
26.0 -37.0 
17.0 -26.0 
10.0 -17.0 
5.0 -10.0 
2.0 -5.0 
82.0 -101.0 
1.0 -2.0 
65.0 -82.0 
50.0 -65.0 
37.0 -50.0 
26.0 -37.0 
17.0 -26.0 
10.0 -17.0 
5.0 -10.0 
2.0 -5.0 
