603.0 -19894.0 
543.0 -17118.0 
572.0 -18719.0 
603.0 -19894.0 
648.0 -19935.0 
516.0 -16842.0 
652.0 -20708.0 
568.0 -17055.0 
572.0 -18643.0 
612.0 -19462.0 
563.0 -16771.0 
524.0 -16235.0 
714.0 -19871.0 
605.0 -18594.0 
572.0 -18546.0 
613.0 -19120.0 
636.0 -19199.0 
524.0 -15480.0 
556.0 -16199.0 
551.0 -15712.0 
717.0 -19734.0 
588.0 -18046.0 
572.0 -17484.0 
634.0 -18645.0 
637.0 -19101.0 
543.0 -15361.0 
568.0 -15800.0 
726.0 -19692.0 
597.0 -17680.0 
580.0 -17349.0 
639.0 -18687.0 
687.0 -18995.0 
658.0 -18722.0 
556.0 -14528.0 
569.0 -15105.0 
746.0 -19215.0 
601.0 -17603.0 
608.0 -17669.0 
582.0 -16634.0 
584.0 -16878.0 
645.0 -18405.0 
682.0 -18507.0 
704.0 -18695.0 
559.0 -14170.0 
758.0 -18970.0 
606.0 -17491.0 
616.0 -17631.0 
634.0 -17649.0 
583.0 -15247.0 
589.0 -16628.0 
586.0 -15986.0 
678.0 -18243.0 
693.0 -18496.0 
691.0 -18393.0 
726.0 -18536.0 
618.0 -17219.0 
619.0 -17593.0 
595.0 -16227.0 
602.0 -16256.0 
613.0 -16598.0 
587.0 -15457.0 
683.0 -17785.0 
703.0 -18145.0 
692.0 -18036.0 
745.0 -18416.0 
654.0 -17417.0 
644.0 -17274.0 
620.0 -16795.0 
600.0 -15560.0 
599.0 -15387.0 
686.0 -17735.0 
715.0 -18107.0 
709.0 -18058.0 
693.0 -17792.0 
665.0 -17414.0 
650.0 -16810.0 
658.0 -16962.0 
655.0 -16840.0 
632.0 -16262.0 
620.0 -16066.0 
625.0 -16220.0 
633.0 -16541.0 
649.0 -16579.0 
618.0 -15543.0 
601.0 -12923.0 
616.0 -15305.0 
614.0 -15227.0 
794.0 -18001.0 
732.0 -17648.0 
711.0 -17625.0 
611.0 -12737.0 
749.0 -17570.0 
624.0 -15033.0 
617.0 -13035.0 
719.0 -17505.0 
678.0 -17395.0 
651.0 -16718.0 
668.0 -17250.0 
648.0 -15986.0 
642.0 -15693.0 
