122.0 -16532.0 
133.0 -19418.0 
146.0 -19677.0 
128.0 -17717.0 
131.0 -18353.0 
158.0 -20344.0 
154.0 -19739.0 
159.0 -20565.0 
123.0 -17046.0 
114.0 -15852.0 
155.0 -20144.0 
141.0 -19092.0 
134.0 -18679.0 
133.0 -18481.0 
142.0 -19292.0 
153.0 -19378.0 
162.0 -20275.0 
160.0 -20268.0 
126.0 -15924.0 
127.0 -16203.0 
128.0 -16800.0 
117.0 -15804.0 
157.0 -19858.0 
141.0 -18843.0 
141.0 -18843.0 
138.0 -18563.0 
134.0 -18127.0 
135.0 -18190.0 
133.0 -17788.0 
152.0 -19244.0 
151.0 -19094.0 
142.0 -18869.0 
143.0 -19056.0 
156.0 -19299.0 
156.0 -19299.0 
160.0 -20125.0 
165.0 -20183.0 
176.0 -20232.0 
176.0 -20232.0 
128.0 -16780.0 
128.0 -16780.0 
120.0 -15635.0 
127.0 -15782.0 
157.0 -19566.0 
138.0 -18545.0 
136.0 -17835.0 
134.0 -17207.0 
143.0 -18947.0 
151.0 -18977.0 
160.0 -19674.0 
163.0 -19871.0 
164.0 -20056.0 
175.0 -20145.0 
172.0 -20140.0 
129.0 -16225.0 
130.0 -16303.0 
133.0 -16756.0 
157.0 -19547.0 
157.0 -19547.0 
140.0 -18201.0 
142.0 -18523.0 
137.0 -17641.0 
135.0 -17171.0 
148.0 -18932.0 
146.0 -18726.0 
146.0 -18726.0 
143.0 -18701.0 
152.0 -18965.0 
160.0 -19577.0 
168.0 -19812.0 
171.0 -20001.0 
166.0 -19641.0 
179.0 -20132.0 
179.0 -20132.0 
179.0 -20132.0 
172.0 -20048.0 
130.0 -16063.0 
132.0 -16181.0 
133.0 -16556.0 
158.0 -19365.0 
158.0 -19365.0 
157.0 -19041.0 
181.0 -20082.0 
131.0 -15938.0 
134.0 -16184.0 
135.0 -17089.0 
143.0 -18646.0 
172.0 -19866.0 
159.0 -19187.0 
141.0 -18181.0 
150.0 -18684.0 
140.0 -17633.0 
168.0 -19757.0 
138.0 -17391.0 
155.0 -18951.0 
142.0 -18242.0 
151.0 -18727.0 
167.0 -19577.0 
176.0 -20010.0 
154.0 -18948.0 
