268.0 -15411.0 
284.0 -16734.0 
272.0 -16272.0 
271.0 -15243.0 
286.0 -16546.0 
277.0 -16156.0 
272.0 -14658.0 
287.0 -16133.0 
307.0 -15925.0 
310.0 -15549.0 
311.0 -15774.0 
316.0 -14536.0 
331.0 -15221.0 
423.0 -27410.0 
279.0 -21345.0 
277.0 -17913.0 
373.0 -25650.0 
312.0 -23619.0 
300.0 -23294.0 
273.0 -17596.0 
278.0 -20106.0 
425.0 -27538.0 
414.0 -27002.0 
394.0 -26486.0 
289.0 -22533.0 
319.0 -23868.0 
283.0 -21396.0 
329.0 -24271.0 
344.0 -25265.0 
359.0 -25490.0 
380.0 -25562.0 
274.0 -17436.0 
279.0 -19898.0 
435.0 -27108.0 
453.0 -27501.0 
449.0 -27310.0 
433.0 -26926.0 
431.0 -26858.0 
411.0 -26364.0 
400.0 -26331.0 
297.0 -22499.0 
293.0 -20213.0 
295.0 -20719.0 
342.0 -24056.0 
336.0 -23626.0 
335.0 -23446.0 
335.0 -23446.0 
330.0 -23172.0 
360.0 -24229.0 
370.0 -24732.0 
372.0 -24970.0 
384.0 -25042.0 
388.0 -25100.0 
280.0 -19149.0 
288.0 -19754.0 
279.0 -17779.0 
471.0 -27406.0 
452.0 -27086.0 
441.0 -26739.0 
402.0 -25814.0 
407.0 -25984.0 
408.0 -26257.0 
300.0 -21080.0 
318.0 -22278.0 
310.0 -22069.0 
304.0 -21581.0 
293.0 -19817.0 
296.0 -20319.0 
342.0 -23953.0 
354.0 -23957.0 
330.0 -22907.0 
367.0 -24168.0 
372.0 -24770.0 
279.0 -17386.0 
464.0 -26906.0 
428.0 -26083.0 
402.0 -25542.0 
409.0 -26074.0 
297.0 -19144.0 
298.0 -20024.0 
284.0 -18265.0 
367.0 -24037.0 
307.0 -21558.0 
294.0 -18353.0 
357.0 -23725.0 
372.0 -24654.0 
320.0 -22009.0 
302.0 -20678.0 
392.0 -25018.0 
447.0 -26129.0 
449.0 -26496.0 
350.0 -23401.0 
457.0 -26856.0 
306.0 -21089.0 
331.0 -22366.0 
332.0 -22706.0 
326.0 -22064.0 
346.0 -23074.0 
341.0 -22791.0 
383.0 -24711.0 
