136.0 -16887.0 
157.0 -19547.0 
128.0 -16780.0 
126.0 -15924.0 
137.0 -17189.0 
128.0 -16780.0 
141.0 -19092.0 
153.0 -19378.0 
127.0 -16203.0 
165.0 -20183.0 
140.0 -17633.0 
164.0 -19427.0 
137.0 -17147.0 
133.0 -16756.0 
141.0 -18843.0 
157.0 -19041.0 
158.0 -19365.0 
130.0 -16063.0 
172.0 -19845.0 
179.0 -20132.0 
176.0 -20010.0 
167.0 -19539.0 
168.0 -19812.0 
177.0 -20028.0 
140.0 -17191.0 
138.0 -17051.0 
138.0 -17051.0 
135.0 -16374.0 
137.0 -16655.0 
141.0 -18181.0 
146.0 -18726.0 
146.0 -18726.0 
145.0 -18601.0 
142.0 -18242.0 
154.0 -18803.0 
165.0 -19290.0 
159.0 -19187.0 
133.0 -15614.0 
168.0 -19757.0 
173.0 -19785.0 
178.0 -19994.0 
138.0 -16866.0 
136.0 -16286.0 
141.0 -18050.0 
147.0 -18610.0 
145.0 -18281.0 
145.0 -18281.0 
162.0 -18877.0 
165.0 -18993.0 
160.0 -18741.0 
168.0 -19725.0 
173.0 -19759.0 
173.0 -19759.0 
177.0 -19763.0 
178.0 -19913.0 
181.0 -19951.0 
140.0 -16736.0 
138.0 -16586.0 
137.0 -15803.0 
143.0 -17656.0 
143.0 -17656.0 
141.0 -17436.0 
153.0 -18539.0 
154.0 -18576.0 
149.0 -18285.0 
150.0 -18432.0 
145.0 -18261.0 
162.0 -18860.0 
165.0 -18977.0 
160.0 -18632.0 
160.0 -18632.0 
169.0 -19651.0 
168.0 -19280.0 
179.0 -19749.0 
180.0 -19808.0 
138.0 -16495.0 
143.0 -17498.0 
141.0 -16630.0 
141.0 -16630.0 
142.0 -17072.0 
141.0 -16630.0 
154.0 -18468.0 
154.0 -18468.0 
146.0 -17870.0 
148.0 -18258.0 
163.0 -18775.0 
162.0 -18716.0 
167.0 -18879.0 
161.0 -18627.0 
160.0 -18530.0 
171.0 -19628.0 
169.0 -19277.0 
182.0 -19784.0 
182.0 -19784.0 
188.0 -19790.0 
138.0 -16342.0 
191.0 -19693.0 
142.0 -16931.0 
146.0 -17415.0 
148.0 -17954.0 
