145.0 -21284.0 
112.0 -17273.0 
111.0 -16708.0 
145.0 -21284.0 
116.0 -18058.0 
115.0 -17753.0 
123.0 -19171.0 
137.0 -20654.0 
106.0 -16208.0 
118.0 -18614.0 
134.0 -20463.0 
112.0 -17273.0 
131.0 -20009.0 
145.0 -21284.0 
131.0 -20009.0 
125.0 -19474.0 
145.0 -21284.0 
145.0 -21284.0 
132.0 -20303.0 
116.0 -17601.0 
116.0 -17601.0 
124.0 -19053.0 
124.0 -19053.0 
123.0 -18888.0 
143.0 -20544.0 
140.0 -20468.0 
107.0 -16100.0 
118.0 -18159.0 
121.0 -18603.0 
120.0 -18529.0 
118.0 -18159.0 
139.0 -20447.0 
112.0 -17143.0 
131.0 -19938.0 
128.0 -19365.0 
129.0 -19394.0 
125.0 -19094.0 
151.0 -20923.0 
148.0 -20779.0 
151.0 -20923.0 
146.0 -20698.0 
148.0 -20779.0 
152.0 -20953.0 
145.0 -20566.0 
150.0 -20894.0 
133.0 -20104.0 
116.0 -17400.0 
143.0 -20518.0 
143.0 -20518.0 
108.0 -15958.0 
111.0 -16019.0 
121.0 -18533.0 
121.0 -18533.0 
122.0 -18588.0 
120.0 -18513.0 
118.0 -18138.0 
118.0 -18138.0 
141.0 -20244.0 
139.0 -20209.0 
114.0 -16863.0 
112.0 -16092.0 
131.0 -19916.0 
128.0 -19138.0 
128.0 -19138.0 
130.0 -19293.0 
127.0 -19088.0 
126.0 -18839.0 
148.0 -20608.0 
150.0 -20638.0 
150.0 -20638.0 
157.0 -20882.0 
154.0 -20866.0 
135.0 -20094.0 
109.0 -15923.0 
109.0 -15923.0 
155.0 -20817.0 
154.0 -20662.0 
145.0 -20517.0 
117.0 -17339.0 
118.0 -18123.0 
137.0 -20048.0 
113.0 -16065.0 
132.0 -19900.0 
114.0 -16635.0 
130.0 -19208.0 
127.0 -18798.0 
126.0 -18462.0 
116.0 -17163.0 
129.0 -18996.0 
141.0 -20066.0 
120.0 -18156.0 
131.0 -19708.0 
122.0 -18326.0 
110.0 -15943.0 
123.0 -18441.0 
115.0 -16788.0 
142.0 -20194.0 
144.0 -20399.0 
143.0 -20308.0 
131.0 -19708.0 
