277.0 -16156.0 
286.0 -16546.0 
272.0 -14658.0 
287.0 -16133.0 
307.0 -15925.0 
310.0 -15549.0 
311.0 -15774.0 
342.0 -24056.0 
423.0 -27410.0 
279.0 -21345.0 
411.0 -26364.0 
277.0 -17913.0 
336.0 -23626.0 
360.0 -24229.0 
409.0 -26074.0 
373.0 -25650.0 
312.0 -23619.0 
372.0 -24770.0 
402.0 -25814.0 
300.0 -23294.0 
273.0 -17596.0 
278.0 -20106.0 
425.0 -27538.0 
342.0 -23953.0 
296.0 -20319.0 
293.0 -20213.0 
367.0 -24168.0 
412.0 -25924.0 
380.0 -25562.0 
335.0 -23446.0 
372.0 -24654.0 
410.0 -25794.0 
307.0 -21558.0 
300.0 -21080.0 
330.0 -22907.0 
318.0 -22278.0 
306.0 -21089.0 
310.0 -22069.0 
274.0 -17436.0 
279.0 -19898.0 
471.0 -27406.0 
433.0 -26926.0 
435.0 -27108.0 
428.0 -26083.0 
357.0 -23725.0 
367.0 -24037.0 
421.0 -25880.0 
384.0 -25042.0 
383.0 -24711.0 
402.0 -25542.0 
346.0 -23074.0 
350.0 -23401.0 
343.0 -22948.0 
374.0 -24298.0 
415.0 -25612.0 
302.0 -20678.0 
341.0 -22791.0 
332.0 -22706.0 
314.0 -21018.0 
326.0 -22064.0 
280.0 -19149.0 
279.0 -17386.0 
293.0 -19817.0 
441.0 -26739.0 
452.0 -27086.0 
368.0 -23817.0 
386.0 -24908.0 
392.0 -25018.0 
384.0 -24785.0 
383.0 -24375.0 
406.0 -25213.0 
412.0 -25402.0 
357.0 -23227.0 
351.0 -22875.0 
380.0 -24210.0 
376.0 -24102.0 
375.0 -23863.0 
306.0 -20638.0 
306.0 -20638.0 
347.0 -22707.0 
342.0 -22260.0 
322.0 -20845.0 
322.0 -20845.0 
322.0 -20845.0 
335.0 -21803.0 
330.0 -21391.0 
341.0 -21898.0 
284.0 -18265.0 
303.0 -19635.0 
301.0 -18843.0 
294.0 -18353.0 
447.0 -26129.0 
447.0 -26129.0 
457.0 -26856.0 
454.0 -26141.0 
464.0 -26906.0 
284.0 -17665.0 
489.0 -26843.0 
336.0 -21111.0 
342.0 -22013.0 
