277.0 -16156.0 
286.0 -16546.0 
310.0 -15549.0 
342.0 -24056.0 
374.0 -24298.0 
423.0 -27410.0 
279.0 -21345.0 
380.0 -25562.0 
330.0 -22907.0 
411.0 -26364.0 
277.0 -17913.0 
335.0 -23446.0 
367.0 -24037.0 
471.0 -27406.0 
457.0 -26856.0 
314.0 -21018.0 
306.0 -20638.0 
301.0 -18843.0 
384.0 -25042.0 
380.0 -24197.0 
406.0 -25213.0 
383.0 -24711.0 
447.0 -26129.0 
447.0 -26129.0 
443.0 -25391.0 
422.0 -25386.0 
413.0 -25295.0 
284.0 -17665.0 
297.0 -17891.0 
279.0 -17386.0 
335.0 -21803.0 
341.0 -22791.0 
346.0 -23074.0 
357.0 -23227.0 
368.0 -23817.0 
459.0 -26414.0 
472.0 -26833.0 
489.0 -26843.0 
322.0 -20845.0 
322.0 -20845.0 
320.0 -20245.0 
316.0 -19861.0 
308.0 -19754.0 
307.0 -18812.0 
386.0 -24908.0 
392.0 -25018.0 
381.0 -24134.0 
457.0 -25474.0 
453.0 -25135.0 
450.0 -25034.0 
456.0 -25294.0 
285.0 -17625.0 
342.0 -22013.0 
351.0 -22875.0 
347.0 -22707.0 
369.0 -23257.0 
373.0 -23447.0 
462.0 -26118.0 
480.0 -26681.0 
339.0 -20641.0 
334.0 -20386.0 
322.0 -20303.0 
312.0 -19741.0 
307.0 -18584.0 
387.0 -24592.0 
438.0 -24978.0 
419.0 -24728.0 
460.0 -25438.0 
457.0 -25063.0 
286.0 -17516.0 
286.0 -17516.0 
288.0 -17544.0 
286.0 -17516.0 
288.0 -17544.0 
346.0 -21256.0 
345.0 -21203.0 
349.0 -22453.0 
367.0 -22696.0 
488.0 -26643.0 
292.0 -17401.0 
320.0 -19638.0 
393.0 -24298.0 
345.0 -20925.0 
458.0 -25054.0 
443.0 -24849.0 
307.0 -18342.0 
308.0 -18567.0 
371.0 -22536.0 
351.0 -21761.0 
352.0 -22345.0 
473.0 -26014.0 
336.0 -20377.0 
412.0 -24349.0 
326.0 -20192.0 
377.0 -22979.0 
463.0 -25977.0 
424.0 -24690.0 
389.0 -23283.0 
421.0 -24538.0 
388.0 -23226.0 
