445.0 -23424.0 
440.0 -22721.0 
354.0 -20304.0 
330.0 -18136.0 
479.0 -24052.0 
374.0 -22337.0 
501.0 -25182.0 
458.0 -23212.0 
469.0 -23284.0 
448.0 -23085.0 
444.0 -22597.0 
444.0 -22597.0 
368.0 -19547.0 
370.0 -19701.0 
369.0 -19608.0 
492.0 -23617.0 
495.0 -23738.0 
430.0 -22330.0 
390.0 -20630.0 
400.0 -20724.0 
377.0 -20303.0 
418.0 -22013.0 
425.0 -22016.0 
506.0 -24151.0 
506.0 -24151.0 
599.0 -24864.0 
548.0 -24336.0 
483.0 -23116.0 
486.0 -23189.0 
463.0 -23068.0 
458.0 -22923.0 
454.0 -22375.0 
374.0 -19175.0 
493.0 -23257.0 
498.0 -23587.0 
430.0 -22084.0 
403.0 -20350.0 
406.0 -20651.0 
383.0 -20132.0 
422.0 -21450.0 
526.0 -24011.0 
507.0 -23596.0 
606.0 -24699.0 
552.0 -24134.0 
458.0 -22814.0 
380.0 -16629.0 
443.0 -21811.0 
418.0 -20317.0 
411.0 -20167.0 
413.0 -20313.0 
393.0 -19878.0 
383.0 -19213.0 
423.0 -20464.0 
435.0 -21077.0 
441.0 -21122.0 
422.0 -20351.0 
427.0 -20766.0 
536.0 -23987.0 
517.0 -23236.0 
513.0 -22982.0 
518.0 -23491.0 
611.0 -24498.0 
606.0 -24231.0 
569.0 -24126.0 
478.0 -22671.0 
466.0 -22658.0 
500.0 -22794.0 
459.0 -21996.0 
492.0 -22762.0 
456.0 -21707.0 
403.0 -19516.0 
406.0 -19791.0 
396.0 -19279.0 
395.0 -18980.0 
383.0 -18810.0 
435.0 -21006.0 
429.0 -20762.0 
427.0 -20389.0 
542.0 -23818.0 
566.0 -23874.0 
516.0 -22845.0 
521.0 -22883.0 
537.0 -23096.0 
630.0 -24362.0 
388.0 -18292.0 
658.0 -23827.0 
574.0 -23784.0 
470.0 -22534.0 
459.0 -21607.0 
547.0 -23461.0 
517.0 -22614.0 
398.0 -19016.0 
456.0 -20975.0 
427.0 -20025.0 
544.0 -22760.0 
404.0 -19347.0 
437.0 -20555.0 
417.0 -19530.0 
425.0 -19750.0 
446.0 -20651.0 
