133.0 -19418.0 
159.0 -20565.0 
114.0 -15852.0 
155.0 -20144.0 
131.0 -18688.0 
141.0 -20048.0 
116.0 -16011.0 
141.0 -20048.0 
121.0 -17348.0 
126.0 -18462.0 
156.0 -20438.0 
136.0 -19273.0 
134.0 -18679.0 
133.0 -18481.0 
117.0 -15804.0 
142.0 -19292.0 
144.0 -19678.0 
153.0 -19748.0 
122.0 -16532.0 
123.0 -17046.0 
128.0 -17717.0 
128.0 -17717.0 
128.0 -17717.0 
131.0 -18353.0 
158.0 -20344.0 
157.0 -19865.0 
163.0 -20409.0 
141.0 -19092.0 
136.0 -18818.0 
120.0 -15635.0 
146.0 -19677.0 
154.0 -19739.0 
126.0 -15924.0 
127.0 -16642.0 
128.0 -17124.0 
131.0 -18248.0 
133.0 -18327.0 
162.0 -20275.0 
160.0 -20268.0 
159.0 -20033.0 
157.0 -19858.0 
141.0 -18843.0 
141.0 -18843.0 
142.0 -18869.0 
143.0 -19056.0 
138.0 -18563.0 
153.0 -19378.0 
153.0 -19378.0 
152.0 -19244.0 
151.0 -19094.0 
155.0 -19696.0 
127.0 -16203.0 
128.0 -16800.0 
131.0 -17595.0 
135.0 -18190.0 
133.0 -18146.0 
135.0 -18190.0 
160.0 -20125.0 
165.0 -20183.0 
176.0 -20232.0 
176.0 -20232.0 
158.0 -19794.0 
143.0 -18947.0 
148.0 -18971.0 
138.0 -18545.0 
153.0 -19242.0 
151.0 -18977.0 
156.0 -19299.0 
156.0 -19299.0 
157.0 -19566.0 
127.0 -15913.0 
128.0 -16780.0 
128.0 -16780.0 
128.0 -16780.0 
134.0 -18127.0 
133.0 -17788.0 
163.0 -19871.0 
164.0 -20119.0 
163.0 -19871.0 
161.0 -19855.0 
175.0 -20145.0 
172.0 -20140.0 
177.0 -20158.0 
160.0 -19674.0 
127.0 -15782.0 
179.0 -20132.0 
179.0 -20132.0 
164.0 -20056.0 
134.0 -17207.0 
139.0 -18492.0 
129.0 -16225.0 
160.0 -19577.0 
148.0 -18946.0 
155.0 -19238.0 
143.0 -18701.0 
133.0 -16756.0 
136.0 -17835.0 
152.0 -18965.0 
136.0 -17835.0 
130.0 -16649.0 
