354.0 -20304.0 
330.0 -18136.0 
374.0 -22337.0 
501.0 -25182.0 
438.0 -24174.0 
329.0 -17431.0 
374.0 -22337.0 
573.0 -25902.0 
328.0 -16955.0 
496.0 -24494.0 
465.0 -24288.0 
368.0 -19547.0 
370.0 -19701.0 
369.0 -19608.0 
526.0 -24664.0 
546.0 -24705.0 
440.0 -22721.0 
442.0 -23615.0 
430.0 -22330.0 
377.0 -20303.0 
386.0 -22130.0 
576.0 -24923.0 
335.0 -16670.0 
479.0 -24052.0 
506.0 -24151.0 
506.0 -24151.0 
494.0 -24147.0 
471.0 -24027.0 
507.0 -24153.0 
374.0 -19175.0 
548.0 -24336.0 
573.0 -24437.0 
445.0 -23424.0 
444.0 -22597.0 
444.0 -22597.0 
468.0 -23544.0 
467.0 -23497.0 
383.0 -20132.0 
418.0 -22013.0 
425.0 -22016.0 
430.0 -22084.0 
390.0 -22009.0 
599.0 -24864.0 
492.0 -23617.0 
495.0 -23738.0 
513.0 -24113.0 
380.0 -16629.0 
552.0 -24134.0 
446.0 -23297.0 
473.0 -23507.0 
383.0 -19213.0 
387.0 -20060.0 
385.0 -19425.0 
390.0 -20630.0 
400.0 -20724.0 
443.0 -21811.0 
405.0 -21669.0 
402.0 -21070.0 
606.0 -24699.0 
498.0 -23587.0 
507.0 -23596.0 
526.0 -24011.0 
521.0 -23608.0 
569.0 -24126.0 
566.0 -24031.0 
458.0 -23212.0 
469.0 -23284.0 
447.0 -23172.0 
475.0 -23323.0 
383.0 -18810.0 
390.0 -20362.0 
422.0 -21450.0 
435.0 -21490.0 
404.0 -20853.0 
611.0 -24498.0 
606.0 -24231.0 
518.0 -23491.0 
511.0 -23367.0 
536.0 -23987.0 
523.0 -23608.0 
448.0 -23085.0 
447.0 -21547.0 
483.0 -23116.0 
486.0 -23189.0 
487.0 -23314.0 
388.0 -18292.0 
383.0 -16808.0 
403.0 -20350.0 
390.0 -20161.0 
427.0 -21355.0 
406.0 -20651.0 
615.0 -24398.0 
542.0 -23818.0 
566.0 -23874.0 
391.0 -20109.0 
634.0 -24380.0 
451.0 -22515.0 
574.0 -23784.0 
547.0 -23461.0 
441.0 -21122.0 
