145.0 -21284.0 
145.0 -21284.0 
137.0 -20654.0 
134.0 -20463.0 
145.0 -21284.0 
145.0 -21284.0 
145.0 -21284.0 
132.0 -20303.0 
113.0 -18098.0 
145.0 -21284.0 
110.0 -17458.0 
115.0 -18573.0 
104.0 -16158.0 
141.0 -21109.0 
107.0 -17213.0 
127.0 -19749.0 
109.0 -17448.0 
111.0 -17927.0 
123.0 -19265.0 
105.0 -17063.0 
109.0 -17448.0 
140.0 -20933.0 
121.0 -19110.0 
141.0 -21109.0 
125.0 -19693.0 
132.0 -20303.0 
118.0 -18798.0 
132.0 -20303.0 
121.0 -19110.0 
119.0 -18962.0 
129.0 -20071.0 
108.0 -17323.0 
139.0 -20447.0 
139.0 -20447.0 
139.0 -20447.0 
114.0 -18027.0 
114.0 -18027.0 
148.0 -21161.0 
116.0 -18278.0 
111.0 -17473.0 
112.0 -17809.0 
123.0 -19171.0 
123.0 -19171.0 
107.0 -16963.0 
105.0 -16891.0 
140.0 -20567.0 
141.0 -20573.0 
143.0 -20889.0 
143.0 -20889.0 
125.0 -19655.0 
118.0 -18614.0 
133.0 -20104.0 
137.0 -20249.0 
135.0 -20244.0 
131.0 -20009.0 
131.0 -20009.0 
129.0 -19974.0 
139.0 -20384.0 
149.0 -21123.0 
116.0 -18274.0 
111.0 -17088.0 
111.0 -17088.0 
115.0 -17753.0 
112.0 -17273.0 
112.0 -17273.0 
113.0 -17373.0 
124.0 -19077.0 
123.0 -19069.0 
105.0 -16533.0 
107.0 -16885.0 
105.0 -16533.0 
140.0 -20468.0 
143.0 -20544.0 
145.0 -20784.0 
144.0 -20632.0 
143.0 -20544.0 
125.0 -19474.0 
126.0 -19649.0 
120.0 -18529.0 
119.0 -18446.0 
120.0 -18529.0 
121.0 -18603.0 
121.0 -18603.0 
135.0 -20192.0 
133.0 -20009.0 
131.0 -19938.0 
130.0 -19737.0 
152.0 -21039.0 
106.0 -16208.0 
106.0 -16208.0 
108.0 -16814.0 
145.0 -20780.0 
113.0 -17188.0 
123.0 -19014.0 
120.0 -18513.0 
116.0 -18163.0 
131.0 -19916.0 
135.0 -20099.0 
140.0 -20282.0 
112.0 -17143.0 
