253.0 -17357.0 
233.0 -14409.0 
234.0 -15472.0 
247.0 -15514.0 
253.0 -16333.0 
256.0 -16857.0 
266.0 -17196.0 
262.0 -17160.0 
257.0 -17028.0 
242.0 -15283.0 
253.0 -15337.0 
260.0 -16794.0 
257.0 -15815.0 
258.0 -16347.0 
246.0 -13612.0 
248.0 -15245.0 
247.0 -14426.0 
262.0 -16645.0 
279.0 -16760.0 
261.0 -15413.0 
261.0 -15413.0 
246.0 -13537.0 
250.0 -15147.0 
247.0 -13567.0 
262.0 -16182.0 
267.0 -16571.0 
284.0 -16734.0 
253.0 -14209.0 
250.0 -13880.0 
260.0 -15008.0 
264.0 -15726.0 
262.0 -15452.0 
281.0 -16522.0 
273.0 -16493.0 
267.0 -16313.0 
286.0 -16546.0 
288.0 -16568.0 
258.0 -12840.0 
260.0 -14080.0 
265.0 -15681.0 
274.0 -16490.0 
269.0 -16272.0 
262.0 -13596.0 
268.0 -15411.0 
266.0 -14295.0 
280.0 -16462.0 
276.0 -16366.0 
272.0 -16272.0 
270.0 -16134.0 
269.0 -15058.0 
268.0 -13660.0 
288.0 -16421.0 
276.0 -16323.0 
275.0 -16256.0 
272.0 -16142.0 
270.0 -16088.0 
269.0 -14602.0 
276.0 -16186.0 
270.0 -16015.0 
269.0 -13239.0 
277.0 -16156.0 
287.0 -16178.0 
271.0 -15985.0 
270.0 -15946.0 
279.0 -16133.0 
270.0 -14695.0 
271.0 -15325.0 
272.0 -15469.0 
273.0 -15865.0 
282.0 -15921.0 
280.0 -15896.0 
287.0 -16133.0 
270.0 -13611.0 
271.0 -15243.0 
272.0 -15430.0 
277.0 -15514.0 
282.0 -15809.0 
282.0 -15809.0 
281.0 -15666.0 
280.0 -15596.0 
294.0 -16029.0 
288.0 -16007.0 
272.0 -14658.0 
277.0 -14843.0 
278.0 -15376.0 
283.0 -15785.0 
288.0 -16000.0 
288.0 -16000.0 
276.0 -14325.0 
278.0 -15177.0 
280.0 -15345.0 
285.0 -15741.0 
296.0 -15975.0 
305.0 -15979.0 
288.0 -15884.0 
288.0 -15884.0 
276.0 -13931.0 
278.0 -15112.0 
280.0 -15176.0 
284.0 -15280.0 
