354.0 -20304.0 
374.0 -22337.0 
501.0 -25182.0 
438.0 -24174.0 
374.0 -22337.0 
573.0 -25902.0 
496.0 -24494.0 
379.0 -22429.0 
497.0 -24887.0 
312.0 -19741.0 
388.0 -23226.0 
362.0 -20684.0 
510.0 -25651.0 
499.0 -24889.0 
542.0 -25869.0 
439.0 -24326.0 
413.0 -24116.0 
368.0 -21292.0 
384.0 -22416.0 
348.0 -19023.0 
346.0 -18827.0 
326.0 -18477.0 
321.0 -18009.0 
403.0 -23216.0 
365.0 -19711.0 
367.0 -20033.0 
511.0 -25026.0 
500.0 -24465.0 
503.0 -24552.0 
544.0 -25499.0 
544.0 -25499.0 
465.0 -24288.0 
416.0 -23885.0 
460.0 -23959.0 
463.0 -23978.0 
377.0 -20804.0 
374.0 -20450.0 
386.0 -22130.0 
364.0 -18562.0 
356.0 -18405.0 
329.0 -18278.0 
324.0 -16013.0 
328.0 -17861.0 
370.0 -19701.0 
368.0 -19628.0 
526.0 -24664.0 
535.0 -25010.0 
508.0 -24354.0 
516.0 -24372.0 
569.0 -25414.0 
494.0 -24147.0 
471.0 -24027.0 
506.0 -24151.0 
506.0 -24151.0 
507.0 -24153.0 
472.0 -24146.0 
418.0 -23743.0 
377.0 -20303.0 
375.0 -20032.0 
390.0 -22009.0 
386.0 -20360.0 
330.0 -18136.0 
329.0 -17431.0 
328.0 -16955.0 
368.0 -19547.0 
369.0 -19608.0 
532.0 -24629.0 
546.0 -24705.0 
541.0 -24703.0 
564.0 -24788.0 
518.0 -24253.0 
571.0 -25238.0 
471.0 -23942.0 
479.0 -24052.0 
513.0 -24113.0 
442.0 -23615.0 
418.0 -22720.0 
433.0 -23194.0 
430.0 -23139.0 
381.0 -20198.0 
335.0 -16670.0 
576.0 -24923.0 
337.0 -17966.0 
471.0 -23912.0 
525.0 -24127.0 
533.0 -24550.0 
369.0 -18358.0 
374.0 -19175.0 
398.0 -21745.0 
418.0 -22013.0 
445.0 -23424.0 
396.0 -20826.0 
461.0 -23550.0 
383.0 -20132.0 
423.0 -22641.0 
440.0 -22721.0 
390.0 -20630.0 
389.0 -20343.0 
434.0 -22720.0 
384.0 -20160.0 
