145.0 -21284.0 
145.0 -21284.0 
134.0 -20463.0 
145.0 -21284.0 
145.0 -21284.0 
145.0 -21284.0 
132.0 -20303.0 
145.0 -21284.0 
115.0 -18573.0 
127.0 -19749.0 
125.0 -19693.0 
132.0 -20303.0 
118.0 -18798.0 
132.0 -20303.0 
119.0 -18962.0 
129.0 -20071.0 
99.0 -16153.0 
124.0 -19457.0 
122.0 -19440.0 
135.0 -20775.0 
119.0 -18962.0 
119.0 -18962.0 
140.0 -21059.0 
145.0 -21284.0 
103.0 -17332.0 
129.0 -20071.0 
133.0 -20438.0 
139.0 -20796.0 
133.0 -20438.0 
101.0 -16727.0 
111.0 -18248.0 
141.0 -21247.0 
121.0 -19430.0 
108.0 -17898.0 
117.0 -18731.0 
116.0 -18278.0 
125.0 -19655.0 
137.0 -20654.0 
138.0 -20775.0 
119.0 -18843.0 
140.0 -20933.0 
105.0 -17063.0 
105.0 -17063.0 
103.0 -16948.0 
105.0 -17063.0 
107.0 -17273.0 
131.0 -20009.0 
131.0 -20009.0 
129.0 -19974.0 
129.0 -19974.0 
129.0 -19974.0 
133.0 -20104.0 
133.0 -20104.0 
135.0 -20388.0 
101.0 -16208.0 
113.0 -18098.0 
111.0 -17927.0 
111.0 -17927.0 
114.0 -18207.0 
141.0 -21109.0 
141.0 -21109.0 
148.0 -21161.0 
121.0 -19110.0 
121.0 -19110.0 
124.0 -19289.0 
122.0 -19282.0 
109.0 -17643.0 
109.0 -17643.0 
108.0 -17323.0 
117.0 -18620.0 
103.0 -16543.0 
149.0 -21123.0 
105.0 -16891.0 
123.0 -19265.0 
107.0 -17213.0 
121.0 -18903.0 
116.0 -18274.0 
118.0 -18614.0 
112.0 -17927.0 
110.0 -17628.0 
133.0 -20009.0 
125.0 -19474.0 
139.0 -20447.0 
142.0 -20983.0 
141.0 -20802.0 
135.0 -20244.0 
136.0 -20315.0 
119.0 -18797.0 
131.0 -19938.0 
140.0 -20567.0 
126.0 -19649.0 
145.0 -21034.0 
115.0 -18090.0 
129.0 -19840.0 
129.0 -19840.0 
145.0 -21034.0 
109.0 -17448.0 
109.0 -17448.0 
126.0 -19649.0 
114.0 -18027.0 
