188.0 -18779.0 
173.0 -18740.0 
156.0 -15883.0 
189.0 -19672.0 
171.0 -17679.0 
170.0 -15899.0 
183.0 -18581.0 
176.0 -17763.0 
203.0 -18793.0 
205.0 -18966.0 
206.0 -19079.0 
172.0 -16661.0 
170.0 -14815.0 
185.0 -18062.0 
187.0 -18523.0 
200.0 -18531.0 
185.0 -18062.0 
176.0 -17427.0 
209.0 -19070.0 
207.0 -19023.0 
172.0 -15059.0 
175.0 -15840.0 
199.0 -18237.0 
188.0 -18097.0 
199.0 -18237.0 
181.0 -17406.0 
177.0 -17401.0 
211.0 -18949.0 
210.0 -18845.0 
174.0 -14724.0 
175.0 -14994.0 
188.0 -17867.0 
198.0 -17984.0 
201.0 -18035.0 
203.0 -18083.0 
177.0 -15633.0 
177.0 -15633.0 
179.0 -17217.0 
178.0 -16997.0 
219.0 -18500.0 
225.0 -18572.0 
217.0 -18438.0 
210.0 -18284.0 
195.0 -17552.0 
191.0 -17449.0 
199.0 -17663.0 
207.0 -17875.0 
205.0 -17854.0 
181.0 -17173.0 
178.0 -14742.0 
180.0 -16605.0 
179.0 -15474.0 
224.0 -18474.0 
227.0 -18543.0 
217.0 -18384.0 
213.0 -18176.0 
212.0 -18016.0 
196.0 -17370.0 
192.0 -17214.0 
207.0 -17658.0 
184.0 -17158.0 
183.0 -16875.0 
188.0 -17168.0 
178.0 -14612.0 
181.0 -15567.0 
182.0 -16536.0 
180.0 -15060.0 
218.0 -18320.0 
230.0 -18377.0 
222.0 -18372.0 
215.0 -18025.0 
205.0 -17339.0 
201.0 -17235.0 
202.0 -17253.0 
209.0 -17577.0 
212.0 -17644.0 
184.0 -16942.0 
191.0 -17122.0 
181.0 -15078.0 
182.0 -15739.0 
183.0 -16379.0 
219.0 -18226.0 
229.0 -18294.0 
228.0 -18288.0 
215.0 -17948.0 
208.0 -17255.0 
211.0 -17392.0 
213.0 -17639.0 
212.0 -17412.0 
187.0 -16910.0 
185.0 -16803.0 
199.0 -17076.0 
182.0 -14436.0 
183.0 -16312.0 
221.0 -18186.0 
229.0 -18246.0 
216.0 -17824.0 
183.0 -15833.0 
230.0 -18189.0 
207.0 -16944.0 
