312.0 -19741.0 
284.0 -17665.0 
314.0 -21018.0 
297.0 -17891.0 
349.0 -22453.0 
308.0 -18567.0 
342.0 -22013.0 
384.0 -25042.0 
367.0 -22696.0 
447.0 -26129.0 
286.0 -17516.0 
320.0 -20245.0 
322.0 -20845.0 
316.0 -19861.0 
352.0 -22345.0 
388.0 -23226.0 
419.0 -24728.0 
412.0 -24349.0 
389.0 -23283.0 
397.0 -23844.0 
379.0 -22429.0 
375.0 -22393.0 
379.0 -22429.0 
573.0 -25902.0 
510.0 -25651.0 
542.0 -25869.0 
453.0 -25135.0 
538.0 -25854.0 
470.0 -25435.0 
520.0 -25748.0 
310.0 -16646.0 
339.0 -20641.0 
320.0 -18219.0 
326.0 -18477.0 
338.0 -19717.0 
328.0 -18898.0 
374.0 -22337.0 
374.0 -22337.0 
362.0 -20684.0 
367.0 -21419.0 
371.0 -22172.0 
424.0 -24690.0 
413.0 -24116.0 
391.0 -22446.0 
403.0 -23216.0 
406.0 -23411.0 
402.0 -23203.0 
384.0 -22416.0 
458.0 -25054.0 
499.0 -25278.0 
472.0 -25231.0 
577.0 -25600.0 
522.0 -25582.0 
566.0 -25593.0 
354.0 -20304.0 
343.0 -19883.0 
348.0 -19899.0 
321.0 -18009.0 
329.0 -18278.0 
342.0 -18327.0 
342.0 -18327.0 
368.0 -21292.0 
368.0 -21292.0 
439.0 -24326.0 
439.0 -24326.0 
430.0 -24284.0 
416.0 -23885.0 
422.0 -24015.0 
420.0 -24010.0 
414.0 -22601.0 
386.0 -22130.0 
384.0 -21770.0 
391.0 -22292.0 
459.0 -24804.0 
497.0 -24887.0 
498.0 -24975.0 
501.0 -25182.0 
544.0 -25499.0 
544.0 -25499.0 
538.0 -25336.0 
528.0 -25222.0 
574.0 -25581.0 
324.0 -16013.0 
563.0 -25499.0 
344.0 -19637.0 
511.0 -25026.0 
560.0 -25431.0 
415.0 -22337.0 
330.0 -18136.0 
328.0 -17861.0 
438.0 -24174.0 
355.0 -20157.0 
390.0 -22009.0 
475.0 -24764.0 
418.0 -23743.0 
417.0 -23464.0 
369.0 -20748.0 
499.0 -24889.0 
458.0 -24281.0 
389.0 -21416.0 
