444.0 -22597.0 
398.0 -19016.0 
516.0 -22845.0 
526.0 -24011.0 
500.0 -22794.0 
435.0 -21006.0 
418.0 -20317.0 
475.0 -21864.0 
469.0 -21502.0 
410.0 -17553.0 
537.0 -23096.0 
580.0 -23479.0 
573.0 -23233.0 
601.0 -23716.0 
517.0 -22614.0 
502.0 -22393.0 
446.0 -20651.0 
418.0 -18030.0 
427.0 -20025.0 
478.0 -21362.0 
544.0 -22760.0 
576.0 -23196.0 
654.0 -23658.0 
525.0 -22114.0 
531.0 -22202.0 
504.0 -21688.0 
450.0 -20504.0 
424.0 -17576.0 
427.0 -18543.0 
487.0 -21187.0 
486.0 -21024.0 
549.0 -22343.0 
560.0 -22505.0 
596.0 -22510.0 
604.0 -22960.0 
596.0 -22510.0 
667.0 -23544.0 
543.0 -22005.0 
537.0 -21716.0 
531.0 -21690.0 
512.0 -21425.0 
507.0 -21220.0 
471.0 -20195.0 
462.0 -20167.0 
448.0 -18060.0 
457.0 -18219.0 
438.0 -18002.0 
434.0 -17226.0 
502.0 -21094.0 
490.0 -20539.0 
576.0 -22492.0 
666.0 -22760.0 
665.0 -22677.0 
645.0 -22540.0 
679.0 -23442.0 
674.0 -22970.0 
543.0 -21833.0 
548.0 -21955.0 
531.0 -21617.0 
528.0 -21402.0 
516.0 -21376.0 
517.0 -21397.0 
482.0 -20193.0 
469.0 -19285.0 
472.0 -19889.0 
458.0 -18106.0 
460.0 -18199.0 
454.0 -17900.0 
448.0 -17383.0 
442.0 -16565.0 
441.0 -16128.0 
510.0 -21037.0 
492.0 -20471.0 
631.0 -22406.0 
576.0 -22220.0 
688.0 -22671.0 
545.0 -21780.0 
538.0 -21499.0 
523.0 -21302.0 
522.0 -21168.0 
488.0 -19805.0 
474.0 -19725.0 
459.0 -17715.0 
448.0 -17156.0 
445.0 -15947.0 
444.0 -12988.0 
447.0 -16016.0 
692.0 -22510.0 
692.0 -22510.0 
447.0 -13935.0 
632.0 -22259.0 
476.0 -19601.0 
465.0 -17668.0 
448.0 -14969.0 
576.0 -22104.0 
673.0 -22310.0 
493.0 -20197.0 
452.0 -16697.0 
513.0 -20627.0 
461.0 -17098.0 
