141.0 -15527.0 
172.0 -19845.0 
152.0 -16920.0 
161.0 -18583.0 
168.0 -19280.0 
154.0 -18468.0 
154.0 -18468.0 
148.0 -15761.0 
163.0 -18775.0 
179.0 -20132.0 
173.0 -19759.0 
173.0 -19759.0 
156.0 -15883.0 
159.0 -17546.0 
157.0 -16949.0 
155.0 -15736.0 
170.0 -18756.0 
163.0 -18172.0 
182.0 -19784.0 
179.0 -19749.0 
173.0 -18796.0 
176.0 -18892.0 
160.0 -17540.0 
158.0 -16883.0 
172.0 -18755.0 
170.0 -18659.0 
189.0 -19672.0 
187.0 -19285.0 
182.0 -19161.0 
166.0 -16972.0 
158.0 -15959.0 
163.0 -16575.0 
173.0 -18740.0 
173.0 -18740.0 
170.0 -17497.0 
171.0 -17828.0 
191.0 -19607.0 
187.0 -19208.0 
182.0 -19122.0 
166.0 -16843.0 
158.0 -15266.0 
162.0 -15442.0 
165.0 -15472.0 
173.0 -17931.0 
174.0 -18569.0 
178.0 -18730.0 
171.0 -17679.0 
206.0 -19079.0 
191.0 -18918.0 
200.0 -18993.0 
201.0 -19009.0 
212.0 -19091.0 
202.0 -19024.0 
187.0 -18871.0 
185.0 -18803.0 
167.0 -16210.0 
161.0 -15265.0 
166.0 -15373.0 
175.0 -17930.0 
183.0 -18581.0 
178.0 -18432.0 
181.0 -18534.0 
172.0 -16661.0 
173.0 -16832.0 
209.0 -19070.0 
201.0 -18951.0 
207.0 -19023.0 
204.0 -18984.0 
185.0 -18780.0 
170.0 -15899.0 
171.0 -16146.0 
169.0 -15433.0 
176.0 -17763.0 
175.0 -17362.0 
180.0 -18411.0 
203.0 -18793.0 
205.0 -18966.0 
188.0 -18779.0 
187.0 -18523.0 
169.0 -14932.0 
172.0 -15399.0 
176.0 -17427.0 
178.0 -17428.0 
175.0 -15892.0 
175.0 -15892.0 
185.0 -18384.0 
181.0 -18069.0 
206.0 -18964.0 
170.0 -14815.0 
176.0 -16609.0 
175.0 -15840.0 
205.0 -18702.0 
195.0 -18540.0 
177.0 -17401.0 
173.0 -15218.0 
182.0 -17619.0 
188.0 -18097.0 
181.0 -17594.0 
185.0 -18062.0 
172.0 -15059.0 
