354.0 -20304.0 
330.0 -18136.0 
374.0 -22337.0 
501.0 -25182.0 
438.0 -24174.0 
374.0 -22337.0 
573.0 -25902.0 
496.0 -24494.0 
465.0 -24288.0 
544.0 -25499.0 
416.0 -23885.0 
379.0 -22429.0 
348.0 -19023.0 
324.0 -16013.0 
346.0 -18827.0 
328.0 -17861.0 
497.0 -24887.0 
365.0 -19711.0 
367.0 -20033.0 
460.0 -23959.0 
377.0 -20804.0 
374.0 -20450.0 
479.0 -24052.0 
494.0 -24147.0 
471.0 -24027.0 
569.0 -25414.0 
442.0 -23615.0 
418.0 -22720.0 
433.0 -23194.0 
384.0 -22416.0 
329.0 -17431.0 
328.0 -16955.0 
526.0 -24664.0 
546.0 -24705.0 
500.0 -24465.0 
541.0 -24703.0 
564.0 -24788.0 
503.0 -24552.0 
368.0 -19547.0 
370.0 -19701.0 
369.0 -19608.0 
377.0 -20303.0 
492.0 -23617.0 
495.0 -23738.0 
571.0 -25238.0 
445.0 -23424.0 
468.0 -23544.0 
467.0 -23497.0 
423.0 -22641.0 
440.0 -22721.0 
440.0 -22721.0 
386.0 -22130.0 
335.0 -16670.0 
506.0 -24151.0 
506.0 -24151.0 
507.0 -24153.0 
533.0 -24550.0 
368.0 -17564.0 
374.0 -19175.0 
381.0 -20198.0 
494.0 -23578.0 
498.0 -23587.0 
576.0 -24923.0 
446.0 -23297.0 
473.0 -23507.0 
467.0 -23496.0 
427.0 -22565.0 
444.0 -22597.0 
444.0 -22597.0 
418.0 -22013.0 
425.0 -22016.0 
390.0 -22009.0 
389.0 -20343.0 
513.0 -24113.0 
507.0 -23596.0 
512.0 -23698.0 
548.0 -24336.0 
573.0 -24437.0 
375.0 -17387.0 
377.0 -18320.0 
383.0 -20132.0 
382.0 -18556.0 
599.0 -24864.0 
458.0 -23212.0 
447.0 -23172.0 
469.0 -23284.0 
475.0 -23323.0 
430.0 -22330.0 
429.0 -22055.0 
390.0 -20630.0 
405.0 -21669.0 
402.0 -21070.0 
396.0 -20826.0 
404.0 -21460.0 
526.0 -24011.0 
519.0 -23707.0 
511.0 -23367.0 
518.0 -23491.0 
549.0 -24182.0 
380.0 -16629.0 
