666.0 -22760.0 
490.0 -20539.0 
469.0 -19285.0 
510.0 -21037.0 
442.0 -16565.0 
482.0 -20193.0 
476.0 -19601.0 
454.0 -17900.0 
517.0 -22614.0 
493.0 -20197.0 
513.0 -20627.0 
445.0 -15947.0 
478.0 -18421.0 
471.0 -17500.0 
457.0 -16752.0 
572.0 -21604.0 
591.0 -21859.0 
588.0 -21723.0 
596.0 -22510.0 
565.0 -21104.0 
562.0 -20882.0 
497.0 -19474.0 
510.0 -19728.0 
496.0 -19146.0 
543.0 -20092.0 
557.0 -20116.0 
517.0 -20057.0 
481.0 -17648.0 
493.0 -18417.0 
477.0 -17386.0 
464.0 -14893.0 
587.0 -21406.0 
692.0 -22510.0 
692.0 -22510.0 
596.0 -21715.0 
631.0 -22406.0 
573.0 -21047.0 
568.0 -20393.0 
515.0 -19522.0 
496.0 -18594.0 
506.0 -19055.0 
547.0 -19840.0 
518.0 -19691.0 
529.0 -19824.0 
480.0 -16307.0 
482.0 -17014.0 
478.0 -15970.0 
473.0 -14434.0 
603.0 -21419.0 
597.0 -21164.0 
606.0 -21533.0 
634.0 -21834.0 
655.0 -21880.0 
709.0 -22111.0 
591.0 -20590.0 
594.0 -20980.0 
575.0 -20457.0 
568.0 -20260.0 
516.0 -19158.0 
497.0 -17975.0 
511.0 -18838.0 
506.0 -17994.0 
550.0 -19837.0 
520.0 -19456.0 
529.0 -19641.0 
490.0 -16688.0 
489.0 -15880.0 
474.0 -13866.0 
625.0 -21427.0 
619.0 -21119.0 
691.0 -21713.0 
674.0 -21703.0 
709.0 -21977.0 
613.0 -20503.0 
588.0 -20423.0 
588.0 -20423.0 
583.0 -20396.0 
572.0 -20110.0 
500.0 -17765.0 
498.0 -16813.0 
512.0 -18518.0 
517.0 -18665.0 
521.0 -18896.0 
546.0 -19379.0 
540.0 -19288.0 
530.0 -19230.0 
491.0 -16642.0 
490.0 -15373.0 
633.0 -21291.0 
627.0 -21254.0 
626.0 -21067.0 
626.0 -21067.0 
680.0 -21355.0 
614.0 -20464.0 
601.0 -20377.0 
596.0 -20206.0 
580.0 -19929.0 
575.0 -19702.0 
582.0 -19966.0 
490.0 -14686.0 
