250.0 -15147.0 
253.0 -17357.0 
260.0 -16794.0 
253.0 -14209.0 
257.0 -15815.0 
284.0 -16734.0 
262.0 -16645.0 
261.0 -15413.0 
272.0 -16272.0 
262.0 -16182.0 
286.0 -16546.0 
281.0 -16522.0 
276.0 -16186.0 
270.0 -16134.0 
264.0 -15726.0 
262.0 -13596.0 
277.0 -16156.0 
270.0 -16015.0 
265.0 -15681.0 
287.0 -16133.0 
271.0 -15985.0 
270.0 -15946.0 
268.0 -15411.0 
294.0 -16029.0 
277.0 -15514.0 
282.0 -15921.0 
270.0 -14695.0 
271.0 -15325.0 
296.0 -15975.0 
305.0 -15979.0 
282.0 -15809.0 
288.0 -15884.0 
288.0 -15884.0 
271.0 -15243.0 
307.0 -15925.0 
283.0 -15785.0 
290.0 -15803.0 
272.0 -14658.0 
278.0 -15177.0 
277.0 -14843.0 
312.0 -15855.0 
285.0 -15741.0 
291.0 -15801.0 
280.0 -15176.0 
286.0 -15186.0 
304.0 -15489.0 
307.0 -15799.0 
294.0 -15395.0 
281.0 -13592.0 
285.0 -15158.0 
310.0 -15549.0 
311.0 -15774.0 
310.0 -15549.0 
308.0 -15510.0 
294.0 -15317.0 
287.0 -14953.0 
317.0 -15354.0 
303.0 -15188.0 
298.0 -15133.0 
296.0 -14921.0 
289.0 -14864.0 
331.0 -15221.0 
315.0 -15183.0 
303.0 -15004.0 
289.0 -14093.0 
334.0 -15114.0 
304.0 -14112.0 
305.0 -14777.0 
294.0 -13979.0 
305.0 -14537.0 
307.0 -14765.0 
307.0 -14765.0 
295.0 -13853.0 
316.0 -14536.0 
316.0 -14536.0 
317.0 -14667.0 
313.0 -13969.0 
300.0 -13356.0 
310.0 -13502.0 
327.0 -14226.0 
329.0 -14584.0 
314.0 -13772.0 
350.0 -14518.0 
346.0 -14222.0 
337.0 -13841.0 
342.0 -13953.0 
327.0 -13500.0 
356.0 -12353.0 
264.0 -20362.0 
356.0 -27167.0 
265.0 -21611.0 
295.0 -24126.0 
266.0 -22795.0 
248.0 -18060.0 
330.0 -26001.0 
338.0 -26035.0 
326.0 -25225.0 
378.0 -28502.0 
324.0 -24356.0 
265.0 -20525.0 
