232.0 -15850.0 
241.0 -17545.0 
205.0 -13983.0 
224.0 -14735.0 
234.0 -15472.0 
253.0 -17357.0 
242.0 -15604.0 
247.0 -15879.0 
252.0 -17081.0 
219.0 -13439.0 
227.0 -14469.0 
241.0 -14855.0 
266.0 -17196.0 
260.0 -17186.0 
242.0 -15283.0 
247.0 -15514.0 
249.0 -15822.0 
256.0 -16857.0 
257.0 -17028.0 
252.0 -16338.0 
233.0 -14409.0 
232.0 -13643.0 
233.0 -14409.0 
262.0 -17160.0 
248.0 -15245.0 
247.0 -14426.0 
250.0 -15464.0 
260.0 -16794.0 
257.0 -16389.0 
258.0 -16741.0 
260.0 -16794.0 
252.0 -15968.0 
253.0 -16333.0 
237.0 -13613.0 
241.0 -13684.0 
265.0 -16989.0 
248.0 -15198.0 
258.0 -16522.0 
259.0 -16691.0 
252.0 -15303.0 
253.0 -15337.0 
255.0 -16163.0 
255.0 -16163.0 
246.0 -13612.0 
269.0 -16947.0 
250.0 -15147.0 
258.0 -16347.0 
260.0 -16659.0 
257.0 -15815.0 
256.0 -15189.0 
246.0 -13537.0 
247.0 -13567.0 
279.0 -16760.0 
280.0 -16772.0 
283.0 -16799.0 
253.0 -14209.0 
250.0 -13880.0 
262.0 -16645.0 
274.0 -16648.0 
261.0 -15413.0 
261.0 -15413.0 
257.0 -14997.0 
260.0 -15008.0 
256.0 -14968.0 
279.0 -16682.0 
284.0 -16734.0 
284.0 -16734.0 
284.0 -16734.0 
262.0 -16182.0 
265.0 -16589.0 
257.0 -14079.0 
261.0 -14597.0 
258.0 -14094.0 
264.0 -15726.0 
262.0 -15452.0 
267.0 -16571.0 
265.0 -15913.0 
261.0 -14441.0 
260.0 -14080.0 
258.0 -12840.0 
262.0 -15180.0 
263.0 -15288.0 
281.0 -16522.0 
273.0 -16493.0 
286.0 -16546.0 
288.0 -16568.0 
272.0 -16421.0 
267.0 -16372.0 
288.0 -16568.0 
265.0 -15681.0 
262.0 -13596.0 
263.0 -14616.0 
274.0 -16490.0 
267.0 -16313.0 
266.0 -14431.0 
280.0 -16462.0 
276.0 -16423.0 
269.0 -16272.0 
268.0 -15411.0 
267.0 -14791.0 
