250.0 -15147.0 
253.0 -17357.0 
284.0 -16734.0 
272.0 -16272.0 
262.0 -16182.0 
286.0 -16546.0 
276.0 -16186.0 
270.0 -16134.0 
264.0 -15726.0 
277.0 -16156.0 
268.0 -15411.0 
287.0 -16133.0 
282.0 -15809.0 
271.0 -15325.0 
294.0 -16029.0 
288.0 -15884.0 
283.0 -15785.0 
271.0 -15243.0 
296.0 -15975.0 
272.0 -14658.0 
278.0 -15177.0 
307.0 -15925.0 
304.0 -15489.0 
303.0 -15188.0 
294.0 -13979.0 
310.0 -15549.0 
311.0 -15774.0 
295.0 -13853.0 
331.0 -15221.0 
316.0 -14536.0 
316.0 -14536.0 
314.0 -13772.0 
334.0 -15114.0 
329.0 -24271.0 
335.0 -25935.0 
264.0 -20362.0 
390.0 -27279.0 
356.0 -27167.0 
265.0 -21611.0 
295.0 -24126.0 
266.0 -22795.0 
423.0 -28303.0 
340.0 -25658.0 
346.0 -25668.0 
335.0 -24974.0 
379.0 -27130.0 
376.0 -26691.0 
368.0 -26130.0 
312.0 -23619.0 
300.0 -23294.0 
319.0 -23868.0 
331.0 -23999.0 
279.0 -21345.0 
289.0 -22533.0 
283.0 -21396.0 
284.0 -22069.0 
277.0 -20112.0 
266.0 -18780.0 
270.0 -19233.0 
423.0 -27410.0 
425.0 -27538.0 
341.0 -25499.0 
336.0 -24821.0 
414.0 -27002.0 
384.0 -26542.0 
373.0 -25650.0 
302.0 -23173.0 
324.0 -23280.0 
335.0 -23446.0 
335.0 -23446.0 
297.0 -22499.0 
287.0 -20852.0 
284.0 -20173.0 
296.0 -22038.0 
286.0 -20689.0 
278.0 -20106.0 
277.0 -19257.0 
273.0 -18113.0 
453.0 -27501.0 
449.0 -27310.0 
435.0 -27282.0 
273.0 -17640.0 
471.0 -27406.0 
279.0 -19898.0 
394.0 -26486.0 
380.0 -25562.0 
277.0 -17913.0 
435.0 -27108.0 
344.0 -25265.0 
359.0 -25490.0 
417.0 -26785.0 
330.0 -23172.0 
288.0 -20628.0 
308.0 -22201.0 
336.0 -23626.0 
317.0 -22904.0 
298.0 -21733.0 
295.0 -20719.0 
296.0 -21440.0 
309.0 -22799.0 
