172.0 -19845.0 
179.0 -20132.0 
130.0 -16063.0 
168.0 -19757.0 
136.0 -16887.0 
141.0 -18843.0 
176.0 -20010.0 
157.0 -19041.0 
133.0 -16756.0 
173.0 -19759.0 
173.0 -19759.0 
168.0 -19280.0 
138.0 -16866.0 
141.0 -18181.0 
145.0 -18281.0 
146.0 -18726.0 
178.0 -19913.0 
162.0 -18860.0 
165.0 -18993.0 
135.0 -16374.0 
177.0 -19600.0 
175.0 -19475.0 
169.0 -19277.0 
138.0 -16495.0 
140.0 -16736.0 
142.0 -16931.0 
143.0 -17656.0 
161.0 -18583.0 
153.0 -18539.0 
146.0 -17870.0 
182.0 -19784.0 
179.0 -19749.0 
163.0 -18775.0 
167.0 -18879.0 
177.0 -19500.0 
175.0 -19333.0 
139.0 -15563.0 
145.0 -16995.0 
144.0 -15786.0 
154.0 -18468.0 
154.0 -18468.0 
162.0 -18519.0 
147.0 -17083.0 
153.0 -17240.0 
189.0 -19672.0 
189.0 -19672.0 
183.0 -19572.0 
179.0 -19543.0 
189.0 -19672.0 
166.0 -18760.0 
173.0 -18796.0 
176.0 -19300.0 
175.0 -19145.0 
141.0 -15527.0 
146.0 -16568.0 
146.0 -16568.0 
160.0 -18226.0 
157.0 -17683.0 
159.0 -18096.0 
155.0 -17435.0 
152.0 -16920.0 
153.0 -17029.0 
182.0 -19530.0 
191.0 -19607.0 
193.0 -19651.0 
168.0 -18746.0 
170.0 -18756.0 
168.0 -18746.0 
180.0 -19127.0 
176.0 -18926.0 
148.0 -16468.0 
163.0 -18172.0 
163.0 -18172.0 
159.0 -17799.0 
157.0 -17203.0 
152.0 -16663.0 
155.0 -16904.0 
185.0 -19521.0 
182.0 -19161.0 
191.0 -19581.0 
172.0 -18755.0 
170.0 -18659.0 
169.0 -18621.0 
148.0 -15761.0 
200.0 -19444.0 
200.0 -19444.0 
149.0 -16466.0 
157.0 -16949.0 
168.0 -18131.0 
182.0 -19122.0 
162.0 -17799.0 
192.0 -19379.0 
159.0 -17546.0 
172.0 -18378.0 
178.0 -18918.0 
173.0 -18740.0 
170.0 -18366.0 
189.0 -19315.0 
176.0 -18892.0 
187.0 -19285.0 
