203.0 -18793.0 
205.0 -18966.0 
176.0 -17427.0 
183.0 -18581.0 
170.0 -14815.0 
188.0 -18779.0 
175.0 -15840.0 
211.0 -18949.0 
210.0 -18845.0 
181.0 -17173.0 
185.0 -18062.0 
199.0 -18237.0 
188.0 -18097.0 
177.0 -15633.0 
175.0 -14994.0 
219.0 -18500.0 
225.0 -18572.0 
182.0 -15739.0 
183.0 -16312.0 
184.0 -17158.0 
213.0 -18176.0 
188.0 -17867.0 
201.0 -18035.0 
180.0 -15060.0 
181.0 -15567.0 
178.0 -14742.0 
219.0 -18226.0 
227.0 -18543.0 
184.0 -16942.0 
191.0 -17122.0 
207.0 -17875.0 
215.0 -18025.0 
183.0 -15077.0 
178.0 -14612.0 
221.0 -18186.0 
229.0 -18294.0 
187.0 -16910.0 
185.0 -15819.0 
186.0 -16635.0 
199.0 -17076.0 
207.0 -17658.0 
215.0 -17948.0 
183.0 -14632.0 
182.0 -14436.0 
222.0 -18103.0 
229.0 -18246.0 
191.0 -16728.0 
189.0 -16658.0 
185.0 -15402.0 
204.0 -16763.0 
213.0 -17639.0 
209.0 -17577.0 
208.0 -17255.0 
216.0 -17824.0 
222.0 -17870.0 
228.0 -17994.0 
227.0 -17954.0 
241.0 -18113.0 
232.0 -18045.0 
234.0 -18046.0 
189.0 -16125.0 
195.0 -16543.0 
195.0 -16543.0 
193.0 -16337.0 
201.0 -16622.0 
191.0 -16193.0 
185.0 -15029.0 
211.0 -17392.0 
212.0 -17412.0 
213.0 -17442.0 
209.0 -17180.0 
208.0 -16783.0 
216.0 -17818.0 
227.0 -17889.0 
229.0 -17911.0 
241.0 -18112.0 
233.0 -17955.0 
233.0 -17955.0 
236.0 -17957.0 
190.0 -15501.0 
198.0 -16420.0 
201.0 -16571.0 
194.0 -16138.0 
191.0 -15827.0 
188.0 -14598.0 
212.0 -17273.0 
213.0 -17308.0 
209.0 -16963.0 
211.0 -17077.0 
208.0 -16752.0 
219.0 -17776.0 
224.0 -17798.0 
241.0 -18025.0 
188.0 -14387.0 
221.0 -17768.0 
192.0 -15641.0 
217.0 -17263.0 
209.0 -16802.0 
197.0 -15783.0 
212.0 -17075.0 
