666.0 -22760.0 
572.0 -21604.0 
490.0 -20539.0 
591.0 -21859.0 
469.0 -19285.0 
464.0 -14893.0 
510.0 -21037.0 
692.0 -22510.0 
692.0 -22510.0 
587.0 -21406.0 
493.0 -20197.0 
596.0 -21715.0 
481.0 -17648.0 
480.0 -16307.0 
513.0 -20627.0 
496.0 -18594.0 
497.0 -19474.0 
603.0 -21419.0 
597.0 -21164.0 
691.0 -21713.0 
606.0 -21533.0 
482.0 -17014.0 
588.0 -20423.0 
515.0 -19522.0 
529.0 -19641.0 
588.0 -20423.0 
568.0 -20393.0 
583.0 -20396.0 
543.0 -20092.0 
511.0 -18838.0 
502.0 -17421.0 
506.0 -17994.0 
625.0 -21427.0 
489.0 -15880.0 
490.0 -16688.0 
501.0 -16791.0 
520.0 -19456.0 
601.0 -20377.0 
596.0 -20206.0 
580.0 -19929.0 
575.0 -19702.0 
582.0 -19966.0 
512.0 -18518.0 
517.0 -18665.0 
509.0 -16911.0 
626.0 -21067.0 
633.0 -21291.0 
626.0 -21067.0 
490.0 -15373.0 
535.0 -19015.0 
572.0 -19298.0 
546.0 -19045.0 
567.0 -19249.0 
623.0 -20335.0 
615.0 -20124.0 
609.0 -20096.0 
603.0 -20011.0 
576.0 -19299.0 
584.0 -19812.0 
519.0 -17412.0 
526.0 -18456.0 
520.0 -18256.0 
516.0 -16842.0 
510.0 -16595.0 
643.0 -21096.0 
498.0 -15093.0 
490.0 -14686.0 
535.0 -18650.0 
561.0 -18795.0 
559.0 -18768.0 
574.0 -19164.0 
574.0 -19164.0 
640.0 -20279.0 
603.0 -19894.0 
603.0 -19894.0 
609.0 -19958.0 
607.0 -19903.0 
578.0 -19167.0 
596.0 -19221.0 
600.0 -19666.0 
521.0 -17843.0 
532.0 -18251.0 
518.0 -16682.0 
511.0 -15106.0 
643.0 -20760.0 
726.0 -20936.0 
509.0 -15040.0 
492.0 -14038.0 
551.0 -18469.0 
564.0 -18746.0 
606.0 -19736.0 
620.0 -19952.0 
607.0 -19873.0 
581.0 -18789.0 
596.0 -19163.0 
600.0 -19265.0 
652.0 -20708.0 
515.0 -14421.0 
572.0 -18719.0 
607.0 -19763.0 
