573.0 -25902.0 
379.0 -22429.0 
312.0 -19741.0 
388.0 -23226.0 
510.0 -25651.0 
542.0 -25869.0 
284.0 -17665.0 
320.0 -20245.0 
352.0 -22345.0 
419.0 -24728.0 
453.0 -25135.0 
375.0 -22393.0 
412.0 -24349.0 
389.0 -23283.0 
538.0 -25854.0 
470.0 -25435.0 
379.0 -22429.0 
322.0 -20845.0 
397.0 -23844.0 
310.0 -16646.0 
320.0 -18219.0 
374.0 -22337.0 
374.0 -22337.0 
368.0 -21292.0 
368.0 -21292.0 
458.0 -25054.0 
438.0 -24174.0 
439.0 -24326.0 
413.0 -24116.0 
439.0 -24326.0 
391.0 -22446.0 
544.0 -25499.0 
544.0 -25499.0 
499.0 -25278.0 
538.0 -25336.0 
384.0 -22416.0 
354.0 -20304.0 
362.0 -20684.0 
326.0 -18477.0 
343.0 -19883.0 
403.0 -23216.0 
406.0 -23411.0 
321.0 -18009.0 
377.0 -20804.0 
496.0 -24494.0 
497.0 -24887.0 
498.0 -24975.0 
482.0 -24396.0 
416.0 -23885.0 
422.0 -24015.0 
465.0 -24288.0 
560.0 -25431.0 
501.0 -25182.0 
386.0 -22130.0 
384.0 -21770.0 
355.0 -20157.0 
374.0 -20450.0 
329.0 -18278.0 
342.0 -18327.0 
344.0 -19637.0 
415.0 -22337.0 
324.0 -16013.0 
328.0 -17861.0 
499.0 -24889.0 
490.0 -24318.0 
418.0 -23743.0 
417.0 -23464.0 
460.0 -23959.0 
463.0 -23978.0 
472.0 -24146.0 
465.0 -24029.0 
569.0 -25414.0 
511.0 -25026.0 
390.0 -22009.0 
387.0 -21028.0 
362.0 -20145.0 
377.0 -20303.0 
386.0 -20360.0 
330.0 -18136.0 
348.0 -19023.0 
346.0 -18827.0 
328.0 -17369.0 
571.0 -25238.0 
348.0 -18971.0 
442.0 -23615.0 
417.0 -22734.0 
535.0 -25010.0 
365.0 -19711.0 
471.0 -24027.0 
416.0 -21762.0 
398.0 -21745.0 
526.0 -24953.0 
337.0 -17966.0 
503.0 -24552.0 
396.0 -20826.0 
494.0 -24147.0 
430.0 -23139.0 
367.0 -20033.0 
479.0 -24052.0 
433.0 -23194.0 
