517.0 -22614.0 
537.0 -23096.0 
444.0 -22597.0 
679.0 -23442.0 
418.0 -18030.0 
666.0 -22760.0 
490.0 -20539.0 
469.0 -19285.0 
510.0 -21037.0 
482.0 -20193.0 
596.0 -22510.0 
531.0 -21617.0 
472.0 -19889.0 
543.0 -22005.0 
512.0 -21425.0 
591.0 -22069.0 
454.0 -17900.0 
424.0 -17576.0 
493.0 -20197.0 
692.0 -22510.0 
692.0 -22510.0 
631.0 -22406.0 
476.0 -19601.0 
572.0 -21604.0 
588.0 -21723.0 
513.0 -20627.0 
528.0 -21402.0 
565.0 -21404.0 
516.0 -21376.0 
591.0 -21859.0 
612.0 -21867.0 
442.0 -16565.0 
471.0 -17500.0 
457.0 -16752.0 
463.0 -17040.0 
510.0 -19728.0 
698.0 -22486.0 
632.0 -22259.0 
497.0 -19474.0 
496.0 -19146.0 
509.0 -19510.0 
494.0 -19141.0 
476.0 -18849.0 
483.0 -18854.0 
587.0 -21406.0 
514.0 -19917.0 
517.0 -20057.0 
549.0 -20859.0 
568.0 -21299.0 
554.0 -21220.0 
522.0 -20611.0 
596.0 -21715.0 
594.0 -21518.0 
445.0 -15947.0 
444.0 -12988.0 
447.0 -16016.0 
471.0 -17112.0 
460.0 -16065.0 
462.0 -16379.0 
634.0 -21834.0 
655.0 -21880.0 
709.0 -22111.0 
670.0 -21979.0 
506.0 -19055.0 
478.0 -18421.0 
477.0 -17386.0 
496.0 -18594.0 
503.0 -18835.0 
515.0 -19522.0 
518.0 -19691.0 
521.0 -19971.0 
565.0 -21104.0 
562.0 -20882.0 
532.0 -20118.0 
539.0 -20313.0 
606.0 -21533.0 
624.0 -21585.0 
603.0 -21419.0 
597.0 -21164.0 
464.0 -14893.0 
474.0 -16036.0 
691.0 -21713.0 
674.0 -21703.0 
709.0 -21977.0 
511.0 -18838.0 
481.0 -17648.0 
493.0 -18417.0 
479.0 -17264.0 
516.0 -19465.0 
529.0 -19824.0 
573.0 -21047.0 
568.0 -20837.0 
543.0 -20092.0 
551.0 -20257.0 
625.0 -21427.0 
650.0 -21471.0 
619.0 -21119.0 
473.0 -14434.0 
478.0 -15970.0 
477.0 -15262.0 
