145.0 -21284.0 
145.0 -21284.0 
123.0 -19171.0 
137.0 -20654.0 
118.0 -18614.0 
134.0 -20463.0 
131.0 -20009.0 
145.0 -21284.0 
131.0 -20009.0 
125.0 -19474.0 
145.0 -21284.0 
145.0 -21284.0 
132.0 -20303.0 
113.0 -18098.0 
145.0 -21284.0 
129.0 -19619.0 
105.0 -16533.0 
110.0 -17458.0 
107.0 -16885.0 
115.0 -18573.0 
128.0 -19524.0 
124.0 -19053.0 
124.0 -19053.0 
123.0 -18983.0 
140.0 -20468.0 
141.0 -20573.0 
121.0 -18603.0 
139.0 -20447.0 
139.0 -20447.0 
131.0 -19938.0 
125.0 -19381.0 
133.0 -20104.0 
137.0 -20249.0 
135.0 -20244.0 
114.0 -18027.0 
148.0 -20779.0 
146.0 -20698.0 
148.0 -20779.0 
149.0 -21123.0 
106.0 -16208.0 
112.0 -17273.0 
112.0 -17273.0 
111.0 -17088.0 
118.0 -18159.0 
120.0 -18529.0 
118.0 -18159.0 
116.0 -18058.0 
119.0 -18446.0 
129.0 -19394.0 
123.0 -18888.0 
143.0 -20544.0 
145.0 -20566.0 
122.0 -18588.0 
121.0 -18566.0 
131.0 -19916.0 
128.0 -19365.0 
125.0 -19094.0 
141.0 -20244.0 
139.0 -20209.0 
139.0 -20209.0 
135.0 -20192.0 
115.0 -17753.0 
148.0 -20608.0 
148.0 -20608.0 
151.0 -20923.0 
151.0 -20923.0 
150.0 -20894.0 
152.0 -21002.0 
107.0 -16100.0 
112.0 -17143.0 
111.0 -16708.0 
120.0 -18513.0 
118.0 -18138.0 
118.0 -18138.0 
116.0 -17932.0 
143.0 -20518.0 
143.0 -20518.0 
121.0 -18533.0 
121.0 -18533.0 
132.0 -19900.0 
131.0 -19708.0 
130.0 -19293.0 
128.0 -19145.0 
127.0 -19088.0 
126.0 -18883.0 
142.0 -20194.0 
135.0 -20094.0 
141.0 -20169.0 
150.0 -20673.0 
152.0 -20953.0 
108.0 -15958.0 
114.0 -16989.0 
114.0 -16989.0 
113.0 -16894.0 
111.0 -16221.0 
120.0 -18156.0 
118.0 -18123.0 
116.0 -17601.0 
116.0 -17601.0 
157.0 -20882.0 
