241.0 -17545.0 
205.0 -13983.0 
241.0 -17545.0 
212.0 -15155.0 
227.0 -17126.0 
213.0 -16983.0 
205.0 -13703.0 
250.0 -17522.0 
247.0 -17510.0 
228.0 -16189.0 
217.0 -14256.0 
235.0 -16205.0 
244.0 -16255.0 
214.0 -14220.0 
224.0 -15638.0 
218.0 -15599.0 
253.0 -17357.0 
252.0 -17081.0 
248.0 -16802.0 
265.0 -17359.0 
230.0 -15999.0 
241.0 -16042.0 
219.0 -13439.0 
228.0 -15439.0 
220.0 -15253.0 
260.0 -17186.0 
256.0 -16857.0 
257.0 -17028.0 
249.0 -16565.0 
251.0 -16603.0 
253.0 -16775.0 
266.0 -17196.0 
265.0 -17193.0 
265.0 -17193.0 
232.0 -15990.0 
224.0 -14735.0 
231.0 -14853.0 
262.0 -17160.0 
260.0 -16794.0 
260.0 -16794.0 
249.0 -16162.0 
250.0 -16234.0 
251.0 -16575.0 
257.0 -16747.0 
256.0 -16698.0 
232.0 -15850.0 
237.0 -15904.0 
227.0 -14469.0 
264.0 -17095.0 
252.0 -16338.0 
258.0 -16741.0 
257.0 -16699.0 
234.0 -15472.0 
232.0 -15165.0 
247.0 -15879.0 
245.0 -15861.0 
239.0 -15767.0 
228.0 -14421.0 
229.0 -14422.0 
265.0 -16989.0 
253.0 -16333.0 
252.0 -16075.0 
257.0 -16389.0 
258.0 -16522.0 
259.0 -16691.0 
232.0 -14924.0 
236.0 -15142.0 
249.0 -15822.0 
241.0 -15617.0 
239.0 -15553.0 
228.0 -14299.0 
269.0 -16947.0 
265.0 -16753.0 
255.0 -16163.0 
255.0 -16163.0 
252.0 -15968.0 
258.0 -16347.0 
259.0 -16684.0 
233.0 -14409.0 
233.0 -14409.0 
242.0 -15604.0 
240.0 -15279.0 
232.0 -13841.0 
281.0 -16825.0 
281.0 -16825.0 
277.0 -16776.0 
270.0 -16690.0 
253.0 -15953.0 
260.0 -16659.0 
239.0 -14126.0 
242.0 -15283.0 
247.0 -15514.0 
241.0 -14855.0 
232.0 -13643.0 
283.0 -16799.0 
237.0 -13613.0 
247.0 -15484.0 
243.0 -14357.0 
257.0 -15815.0 
262.0 -16645.0 
