277.0 -16156.0 
286.0 -16546.0 
272.0 -14658.0 
307.0 -15925.0 
310.0 -15549.0 
311.0 -15774.0 
342.0 -24056.0 
423.0 -27410.0 
279.0 -21345.0 
411.0 -26364.0 
277.0 -17913.0 
372.0 -24654.0 
307.0 -21558.0 
336.0 -23626.0 
360.0 -24229.0 
409.0 -26074.0 
373.0 -25650.0 
274.0 -17436.0 
312.0 -23619.0 
357.0 -23725.0 
471.0 -27406.0 
433.0 -26926.0 
300.0 -21080.0 
280.0 -19149.0 
367.0 -24168.0 
374.0 -24298.0 
380.0 -25562.0 
279.0 -17386.0 
330.0 -22907.0 
335.0 -23446.0 
457.0 -26856.0 
441.0 -26739.0 
314.0 -21018.0 
306.0 -20638.0 
303.0 -19635.0 
306.0 -20638.0 
301.0 -18843.0 
284.0 -17665.0 
297.0 -17891.0 
367.0 -24037.0 
384.0 -25042.0 
383.0 -24711.0 
402.0 -25542.0 
380.0 -24210.0 
335.0 -21803.0 
341.0 -22791.0 
346.0 -23074.0 
350.0 -23401.0 
472.0 -26833.0 
489.0 -26843.0 
447.0 -26129.0 
447.0 -26129.0 
459.0 -26414.0 
454.0 -26141.0 
322.0 -20845.0 
322.0 -20845.0 
320.0 -20245.0 
316.0 -19861.0 
308.0 -19754.0 
306.0 -18883.0 
285.0 -17625.0 
368.0 -23817.0 
386.0 -24908.0 
392.0 -25018.0 
383.0 -24375.0 
406.0 -25213.0 
412.0 -25402.0 
380.0 -24197.0 
342.0 -22260.0 
347.0 -22707.0 
357.0 -23227.0 
351.0 -22875.0 
489.0 -26705.0 
286.0 -17516.0 
286.0 -17516.0 
307.0 -18812.0 
342.0 -22013.0 
462.0 -26118.0 
339.0 -20641.0 
387.0 -24592.0 
349.0 -22453.0 
405.0 -25003.0 
358.0 -23200.0 
443.0 -25391.0 
322.0 -20303.0 
457.0 -25474.0 
480.0 -26681.0 
312.0 -19741.0 
422.0 -25386.0 
288.0 -17544.0 
309.0 -19393.0 
334.0 -20386.0 
380.0 -23486.0 
369.0 -23257.0 
381.0 -24134.0 
288.0 -17544.0 
373.0 -23447.0 
413.0 -25295.0 
381.0 -24134.0 
414.0 -25307.0 
