145.0 -21284.0 
145.0 -21284.0 
134.0 -20463.0 
145.0 -21284.0 
145.0 -21284.0 
145.0 -21284.0 
132.0 -20303.0 
113.0 -18098.0 
145.0 -21284.0 
115.0 -18573.0 
141.0 -21109.0 
127.0 -19749.0 
111.0 -17927.0 
121.0 -19110.0 
141.0 -21109.0 
125.0 -19693.0 
132.0 -20303.0 
118.0 -18798.0 
132.0 -20303.0 
121.0 -19110.0 
119.0 -18962.0 
129.0 -20071.0 
117.0 -18620.0 
99.0 -16153.0 
124.0 -19457.0 
122.0 -19440.0 
135.0 -20775.0 
119.0 -18962.0 
119.0 -18962.0 
140.0 -21059.0 
145.0 -21284.0 
109.0 -17643.0 
103.0 -17332.0 
129.0 -20071.0 
114.0 -18027.0 
114.0 -18027.0 
116.0 -18278.0 
115.0 -18163.0 
115.0 -18163.0 
112.0 -17809.0 
125.0 -19655.0 
133.0 -20104.0 
133.0 -20104.0 
118.0 -18614.0 
124.0 -19289.0 
122.0 -19282.0 
137.0 -20654.0 
135.0 -20244.0 
138.0 -20775.0 
119.0 -18735.0 
140.0 -20933.0 
142.0 -20983.0 
148.0 -21161.0 
145.0 -21034.0 
110.0 -17458.0 
109.0 -17448.0 
109.0 -17448.0 
111.0 -17495.0 
107.0 -17213.0 
105.0 -17063.0 
108.0 -17323.0 
105.0 -17063.0 
103.0 -16948.0 
131.0 -20009.0 
131.0 -20009.0 
129.0 -19974.0 
129.0 -19974.0 
129.0 -19974.0 
149.0 -21123.0 
104.0 -16158.0 
123.0 -19265.0 
105.0 -16891.0 
111.0 -17473.0 
116.0 -18274.0 
114.0 -17808.0 
144.0 -20928.0 
121.0 -18603.0 
119.0 -18530.0 
125.0 -19474.0 
137.0 -20249.0 
133.0 -20009.0 
109.0 -17318.0 
135.0 -20192.0 
141.0 -20800.0 
131.0 -19938.0 
108.0 -17113.0 
107.0 -16963.0 
126.0 -19649.0 
129.0 -19840.0 
129.0 -19840.0 
115.0 -17998.0 
140.0 -20567.0 
139.0 -20447.0 
139.0 -20447.0 
126.0 -19649.0 
115.0 -17998.0 
120.0 -18568.0 
143.0 -20889.0 
121.0 -18603.0 
140.0 -20567.0 
