177.0 -15633.0 
185.0 -18062.0 
184.0 -16942.0 
199.0 -18237.0 
182.0 -15739.0 
183.0 -16312.0 
203.0 -18793.0 
205.0 -18966.0 
180.0 -15060.0 
178.0 -14612.0 
181.0 -15567.0 
188.0 -17867.0 
187.0 -16910.0 
201.0 -18035.0 
211.0 -18949.0 
183.0 -15077.0 
182.0 -14436.0 
185.0 -15402.0 
199.0 -17076.0 
189.0 -16125.0 
195.0 -16543.0 
195.0 -16543.0 
193.0 -16337.0 
207.0 -17875.0 
219.0 -18500.0 
215.0 -18025.0 
225.0 -18572.0 
183.0 -14632.0 
185.0 -15029.0 
204.0 -16763.0 
201.0 -16622.0 
190.0 -15501.0 
200.0 -16130.0 
197.0 -15783.0 
207.0 -17658.0 
219.0 -18226.0 
215.0 -17948.0 
227.0 -18543.0 
188.0 -14598.0 
201.0 -16571.0 
194.0 -15361.0 
192.0 -15085.0 
195.0 -15439.0 
213.0 -17639.0 
208.0 -16752.0 
209.0 -17577.0 
221.0 -18186.0 
216.0 -17824.0 
229.0 -18294.0 
191.0 -13980.0 
202.0 -16509.0 
204.0 -16547.0 
206.0 -16549.0 
192.0 -15045.0 
195.0 -15355.0 
211.0 -17392.0 
212.0 -17412.0 
213.0 -17442.0 
209.0 -17180.0 
222.0 -18103.0 
216.0 -17818.0 
229.0 -18246.0 
203.0 -16368.0 
203.0 -16368.0 
202.0 -16037.0 
207.0 -16504.0 
194.0 -14733.0 
192.0 -14315.0 
197.0 -15350.0 
197.0 -15350.0 
212.0 -17273.0 
213.0 -17308.0 
209.0 -16963.0 
222.0 -17870.0 
228.0 -17994.0 
227.0 -17954.0 
219.0 -17776.0 
241.0 -18113.0 
204.0 -16310.0 
202.0 -15512.0 
203.0 -16012.0 
203.0 -16012.0 
208.0 -16497.0 
194.0 -14630.0 
197.0 -14928.0 
200.0 -15011.0 
201.0 -15345.0 
197.0 -14928.0 
212.0 -17075.0 
214.0 -17212.0 
210.0 -16796.0 
224.0 -17798.0 
233.0 -17955.0 
233.0 -17955.0 
236.0 -17957.0 
227.0 -17889.0 
229.0 -17911.0 
221.0 -17768.0 
241.0 -18112.0 
195.0 -14288.0 
