241.0 -17545.0 
205.0 -13983.0 
228.0 -16189.0 
241.0 -17545.0 
212.0 -15155.0 
205.0 -13703.0 
230.0 -15999.0 
250.0 -17522.0 
247.0 -17510.0 
224.0 -14735.0 
217.0 -14256.0 
232.0 -15990.0 
253.0 -17357.0 
252.0 -17081.0 
248.0 -16802.0 
227.0 -14469.0 
219.0 -13439.0 
232.0 -15850.0 
247.0 -15879.0 
266.0 -17196.0 
260.0 -17186.0 
265.0 -17193.0 
256.0 -16857.0 
257.0 -17028.0 
249.0 -16565.0 
228.0 -14421.0 
234.0 -15472.0 
232.0 -15165.0 
241.0 -15617.0 
262.0 -17160.0 
260.0 -16794.0 
258.0 -16741.0 
260.0 -16794.0 
257.0 -16699.0 
252.0 -16338.0 
249.0 -16162.0 
240.0 -15279.0 
233.0 -14409.0 
233.0 -14409.0 
232.0 -13841.0 
242.0 -15604.0 
265.0 -16989.0 
257.0 -16389.0 
258.0 -16522.0 
259.0 -16691.0 
253.0 -16333.0 
249.0 -15822.0 
252.0 -15968.0 
241.0 -14855.0 
232.0 -13643.0 
242.0 -15283.0 
247.0 -15514.0 
269.0 -16947.0 
265.0 -16753.0 
258.0 -16347.0 
260.0 -16659.0 
255.0 -16163.0 
255.0 -16163.0 
253.0 -15953.0 
241.0 -13684.0 
237.0 -13613.0 
243.0 -14357.0 
248.0 -15245.0 
247.0 -14426.0 
250.0 -15464.0 
279.0 -16760.0 
280.0 -16772.0 
281.0 -16825.0 
277.0 -16715.0 
270.0 -16690.0 
262.0 -16645.0 
257.0 -15815.0 
237.0 -13307.0 
246.0 -13612.0 
248.0 -15198.0 
252.0 -15303.0 
253.0 -15337.0 
283.0 -16799.0 
274.0 -16648.0 
279.0 -16682.0 
262.0 -16182.0 
265.0 -16589.0 
263.0 -16386.0 
261.0 -15413.0 
261.0 -15413.0 
246.0 -13537.0 
247.0 -13567.0 
249.0 -15195.0 
252.0 -15259.0 
283.0 -16762.0 
262.0 -15452.0 
267.0 -16571.0 
264.0 -15726.0 
265.0 -16059.0 
250.0 -15147.0 
284.0 -16734.0 
284.0 -16734.0 
265.0 -15913.0 
263.0 -15288.0 
267.0 -16372.0 
