145.0 -21284.0 
128.0 -19365.0 
131.0 -19708.0 
129.0 -19394.0 
112.0 -17273.0 
131.0 -19708.0 
111.0 -16708.0 
145.0 -21284.0 
116.0 -18058.0 
115.0 -17753.0 
123.0 -19171.0 
137.0 -20654.0 
106.0 -16208.0 
131.0 -19708.0 
118.0 -18614.0 
131.0 -19708.0 
134.0 -20463.0 
133.0 -20104.0 
112.0 -17273.0 
130.0 -19293.0 
151.0 -20923.0 
148.0 -20779.0 
151.0 -20923.0 
146.0 -20698.0 
148.0 -20779.0 
152.0 -20953.0 
116.0 -17601.0 
127.0 -19088.0 
128.0 -19138.0 
128.0 -19138.0 
124.0 -19053.0 
124.0 -19053.0 
143.0 -20544.0 
145.0 -20566.0 
140.0 -20468.0 
108.0 -15958.0 
111.0 -16019.0 
118.0 -18159.0 
121.0 -18603.0 
120.0 -18529.0 
132.0 -19704.0 
139.0 -20447.0 
137.0 -20048.0 
114.0 -16863.0 
112.0 -16092.0 
131.0 -19236.0 
130.0 -19208.0 
148.0 -20608.0 
150.0 -20638.0 
154.0 -20662.0 
155.0 -20817.0 
116.0 -17163.0 
129.0 -18996.0 
126.0 -18839.0 
143.0 -20518.0 
109.0 -15923.0 
109.0 -15923.0 
109.0 -15923.0 
110.0 -15943.0 
118.0 -18138.0 
118.0 -18138.0 
121.0 -18533.0 
121.0 -18533.0 
120.0 -18513.0 
133.0 -19584.0 
134.0 -19698.0 
141.0 -20244.0 
139.0 -20209.0 
137.0 -20024.0 
137.0 -20024.0 
114.0 -16635.0 
115.0 -16788.0 
113.0 -16065.0 
155.0 -20808.0 
112.0 -15801.0 
112.0 -15801.0 
116.0 -16879.0 
129.0 -18705.0 
118.0 -18123.0 
115.0 -16018.0 
143.0 -20308.0 
149.0 -20486.0 
150.0 -20514.0 
133.0 -19418.0 
133.0 -19418.0 
120.0 -18156.0 
136.0 -19669.0 
122.0 -18326.0 
123.0 -18441.0 
137.0 -19921.0 
126.0 -18462.0 
114.0 -15852.0 
142.0 -20163.0 
140.0 -19964.0 
134.0 -19630.0 
141.0 -20066.0 
126.0 -18462.0 
137.0 -19921.0 
140.0 -19964.0 
134.0 -19630.0 
