489.0 -15880.0 
496.0 -18594.0 
596.0 -21715.0 
692.0 -22510.0 
511.0 -18838.0 
587.0 -21406.0 
513.0 -20627.0 
490.0 -16688.0 
502.0 -17421.0 
501.0 -16791.0 
506.0 -17994.0 
603.0 -21419.0 
580.0 -19929.0 
575.0 -19702.0 
588.0 -20423.0 
582.0 -19966.0 
515.0 -19522.0 
490.0 -15373.0 
509.0 -16911.0 
626.0 -21067.0 
633.0 -21291.0 
601.0 -20377.0 
596.0 -20206.0 
535.0 -19015.0 
519.0 -17412.0 
521.0 -17843.0 
572.0 -19298.0 
526.0 -18456.0 
516.0 -16842.0 
511.0 -15106.0 
643.0 -20760.0 
726.0 -20936.0 
623.0 -20335.0 
603.0 -19894.0 
603.0 -19894.0 
615.0 -20124.0 
609.0 -20096.0 
535.0 -18650.0 
561.0 -18795.0 
559.0 -18768.0 
522.0 -17707.0 
578.0 -19167.0 
596.0 -19221.0 
574.0 -19164.0 
532.0 -18251.0 
518.0 -16682.0 
515.0 -14421.0 
652.0 -20708.0 
650.0 -20125.0 
607.0 -19763.0 
609.0 -19958.0 
551.0 -18469.0 
564.0 -18746.0 
525.0 -17179.0 
596.0 -19163.0 
581.0 -18789.0 
539.0 -17185.0 
524.0 -16235.0 
520.0 -15644.0 
715.0 -20435.0 
677.0 -20046.0 
648.0 -19935.0 
612.0 -19462.0 
552.0 -17360.0 
572.0 -18719.0 
564.0 -17647.0 
543.0 -17118.0 
525.0 -16203.0 
524.0 -15480.0 
521.0 -14136.0 
734.0 -20350.0 
714.0 -19871.0 
676.0 -19857.0 
650.0 -19601.0 
613.0 -19120.0 
626.0 -19299.0 
557.0 -17193.0 
572.0 -18643.0 
543.0 -16552.0 
551.0 -16833.0 
527.0 -15944.0 
524.0 -14930.0 
739.0 -20267.0 
717.0 -19734.0 
690.0 -19643.0 
670.0 -19497.0 
636.0 -19199.0 
636.0 -19199.0 
628.0 -18735.0 
568.0 -17055.0 
605.0 -18594.0 
572.0 -18546.0 
549.0 -16418.0 
547.0 -16397.0 
563.0 -16771.0 
562.0 -16514.0 
527.0 -14742.0 
778.0 -19927.0 
572.0 -17484.0 
579.0 -18510.0 
