145.0 -21284.0 
128.0 -19365.0 
108.0 -15958.0 
131.0 -19708.0 
143.0 -20544.0 
129.0 -19394.0 
112.0 -17273.0 
139.0 -20447.0 
131.0 -19708.0 
121.0 -18533.0 
111.0 -16708.0 
137.0 -20048.0 
118.0 -18138.0 
145.0 -21284.0 
116.0 -18058.0 
115.0 -17753.0 
121.0 -18533.0 
123.0 -19171.0 
118.0 -18138.0 
109.0 -15923.0 
109.0 -15923.0 
109.0 -15923.0 
143.0 -20518.0 
130.0 -19293.0 
141.0 -20244.0 
139.0 -20209.0 
133.0 -19584.0 
134.0 -19698.0 
111.0 -16019.0 
112.0 -16092.0 
114.0 -16635.0 
137.0 -20024.0 
151.0 -20923.0 
148.0 -20779.0 
151.0 -20923.0 
146.0 -20698.0 
148.0 -20779.0 
152.0 -20953.0 
116.0 -16879.0 
122.0 -18212.0 
127.0 -19088.0 
128.0 -19138.0 
128.0 -19138.0 
123.0 -18441.0 
124.0 -19053.0 
119.0 -17883.0 
120.0 -17968.0 
118.0 -17193.0 
143.0 -20308.0 
131.0 -19236.0 
141.0 -20066.0 
142.0 -20163.0 
133.0 -19418.0 
133.0 -19418.0 
136.0 -19669.0 
134.0 -19630.0 
134.0 -19630.0 
112.0 -15801.0 
112.0 -15801.0 
115.0 -16018.0 
114.0 -15852.0 
137.0 -19921.0 
140.0 -19964.0 
140.0 -19964.0 
148.0 -20608.0 
150.0 -20638.0 
154.0 -20662.0 
155.0 -20817.0 
117.0 -16583.0 
117.0 -16583.0 
123.0 -17982.0 
126.0 -18462.0 
126.0 -18462.0 
126.0 -18462.0 
129.0 -18996.0 
124.0 -18384.0 
124.0 -18384.0 
119.0 -17550.0 
120.0 -17812.0 
121.0 -17844.0 
122.0 -17924.0 
118.0 -17170.0 
116.0 -16011.0 
157.0 -20766.0 
157.0 -20766.0 
150.0 -20514.0 
118.0 -16695.0 
129.0 -18705.0 
119.0 -17383.0 
142.0 -20090.0 
155.0 -20578.0 
126.0 -18210.0 
138.0 -19903.0 
128.0 -18372.0 
124.0 -17966.0 
137.0 -19657.0 
135.0 -19418.0 
141.0 -20048.0 
122.0 -17834.0 
133.0 -19298.0 
