163.0 -22787.0 
225.0 -28451.0 
225.0 -28451.0 
225.0 -28451.0 
165.0 -23491.0 
163.0 -22787.0 
157.0 -22626.0 
163.0 -22787.0 
266.0 -30399.0 
245.0 -29657.0 
269.0 -30875.0 
292.0 -31128.0 
184.0 -25374.0 
163.0 -22787.0 
292.0 -31128.0 
165.0 -23491.0 
221.0 -28399.0 
282.0 -31035.0 
125.0 -17735.0 
182.0 -24848.0 
274.0 -30986.0 
266.0 -30399.0 
125.0 -17735.0 
174.0 -24290.0 
292.0 -31128.0 
266.0 -30399.0 
114.0 -16860.0 
173.0 -24147.0 
114.0 -16860.0 
229.0 -29258.0 
189.0 -26088.0 
174.0 -24290.0 
226.0 -28668.0 
122.0 -17229.0 
163.0 -22787.0 
135.0 -18873.0 
176.0 -24727.0 
130.0 -18804.0 
150.0 -22146.0 
135.0 -18873.0 
114.0 -16860.0 
213.0 -27587.0 
198.0 -27441.0 
136.0 -20690.0 
114.0 -16860.0 
246.0 -30310.0 
234.0 -29626.0 
297.0 -31617.0 
128.0 -17959.0 
217.0 -27903.0 
194.0 -26488.0 
162.0 -22662.0 
169.0 -23692.0 
155.0 -22312.0 
143.0 -21350.0 
170.0 -23964.0 
217.0 -27903.0 
114.0 -16860.0 
267.0 -30517.0 
142.0 -21096.0 
144.0 -21725.0 
214.0 -27789.0 
139.0 -20822.0 
103.0 -15949.0 
198.0 -27441.0 
129.0 -18337.0 
