253.0 -17357.0 
246.0 -13612.0 
248.0 -15245.0 
253.0 -16333.0 
256.0 -16857.0 
246.0 -13537.0 
250.0 -15147.0 
260.0 -16794.0 
257.0 -15815.0 
258.0 -16347.0 
253.0 -14209.0 
250.0 -13880.0 
262.0 -16645.0 
279.0 -16760.0 
261.0 -15413.0 
260.0 -15008.0 
261.0 -15413.0 
262.0 -16182.0 
267.0 -16571.0 
284.0 -16734.0 
260.0 -14080.0 
264.0 -15726.0 
281.0 -16522.0 
269.0 -16272.0 
276.0 -16323.0 
280.0 -16462.0 
286.0 -16546.0 
288.0 -16568.0 
262.0 -13596.0 
265.0 -15681.0 
272.0 -16272.0 
270.0 -16134.0 
288.0 -16421.0 
268.0 -15411.0 
275.0 -16256.0 
272.0 -16142.0 
270.0 -16015.0 
269.0 -14602.0 
276.0 -16186.0 
271.0 -15985.0 
270.0 -15946.0 
277.0 -16156.0 
287.0 -16178.0 
270.0 -14695.0 
271.0 -15325.0 
272.0 -15430.0 
277.0 -15514.0 
282.0 -15921.0 
280.0 -15896.0 
287.0 -16133.0 
271.0 -15243.0 
282.0 -15809.0 
294.0 -16029.0 
288.0 -16007.0 
272.0 -14658.0 
278.0 -15177.0 
277.0 -14843.0 
283.0 -15785.0 
288.0 -16000.0 
276.0 -14325.0 
280.0 -15176.0 
285.0 -15741.0 
284.0 -15280.0 
296.0 -15975.0 
305.0 -15979.0 
288.0 -15884.0 
288.0 -15884.0 
280.0 -14526.0 
285.0 -15473.0 
284.0 -14547.0 
305.0 -15929.0 
290.0 -15803.0 
292.0 -15804.0 
281.0 -13592.0 
286.0 -15186.0 
285.0 -15158.0 
307.0 -15925.0 
291.0 -15801.0 
287.0 -14953.0 
308.0 -15865.0 
307.0 -15799.0 
294.0 -15395.0 
296.0 -15513.0 
305.0 -15566.0 
289.0 -14864.0 
288.0 -14862.0 
312.0 -15855.0 
311.0 -15774.0 
294.0 -15317.0 
301.0 -15492.0 
310.0 -15549.0 
310.0 -15549.0 
308.0 -15510.0 
307.0 -15505.0 
289.0 -14093.0 
311.0 -15677.0 
290.0 -14643.0 
294.0 -15128.0 
304.0 -15489.0 
297.0 -15240.0 
