277.0 -16156.0 
310.0 -15549.0 
312.0 -19741.0 
284.0 -17665.0 
314.0 -21018.0 
297.0 -17891.0 
384.0 -25042.0 
342.0 -24056.0 
335.0 -21803.0 
374.0 -24298.0 
307.0 -18812.0 
423.0 -27410.0 
341.0 -22791.0 
286.0 -17516.0 
286.0 -17516.0 
288.0 -17544.0 
320.0 -20245.0 
322.0 -20845.0 
316.0 -19861.0 
322.0 -20845.0 
386.0 -24908.0 
368.0 -23817.0 
381.0 -24134.0 
308.0 -18567.0 
307.0 -18342.0 
447.0 -26129.0 
447.0 -26129.0 
443.0 -25391.0 
471.0 -27406.0 
459.0 -26414.0 
438.0 -24978.0 
349.0 -22453.0 
342.0 -22013.0 
367.0 -22696.0 
292.0 -17401.0 
320.0 -19638.0 
339.0 -20641.0 
334.0 -20386.0 
322.0 -20303.0 
419.0 -24728.0 
412.0 -24349.0 
394.0 -24272.0 
369.0 -23257.0 
373.0 -23447.0 
310.0 -17963.0 
310.0 -17963.0 
457.0 -25474.0 
453.0 -25135.0 
450.0 -25034.0 
472.0 -26833.0 
463.0 -25977.0 
446.0 -24749.0 
352.0 -22345.0 
351.0 -21761.0 
346.0 -21256.0 
345.0 -21203.0 
298.0 -17380.0 
320.0 -18219.0 
336.0 -20377.0 
325.0 -18295.0 
326.0 -20192.0 
424.0 -24690.0 
421.0 -24538.0 
413.0 -24116.0 
396.0 -24034.0 
371.0 -22536.0 
388.0 -23226.0 
389.0 -23283.0 
380.0 -22556.0 
312.0 -17953.0 
460.0 -25438.0 
458.0 -25054.0 
480.0 -26681.0 
475.0 -25499.0 
477.0 -25621.0 
471.0 -25447.0 
359.0 -22132.0 
364.0 -22202.0 
352.0 -21091.0 
345.0 -20925.0 
301.0 -16785.0 
550.0 -26510.0 
516.0 -26193.0 
493.0 -25940.0 
459.0 -24804.0 
470.0 -25435.0 
397.0 -23844.0 
426.0 -24640.0 
314.0 -17823.0 
391.0 -22542.0 
358.0 -20927.0 
321.0 -18009.0 
326.0 -19000.0 
345.0 -20624.0 
360.0 -21996.0 
343.0 -19883.0 
332.0 -19850.0 
330.0 -19295.0 
416.0 -23885.0 
422.0 -24015.0 
