126.0 -18462.0 
132.0 -19127.0 
137.0 -20024.0 
142.0 -20090.0 
126.0 -18462.0 
119.0 -17883.0 
126.0 -18462.0 
120.0 -17968.0 
118.0 -16695.0 
117.0 -16583.0 
151.0 -20923.0 
115.0 -16018.0 
109.0 -15923.0 
124.0 -18384.0 
141.0 -20066.0 
127.0 -19088.0 
133.0 -19584.0 
122.0 -18212.0 
117.0 -16583.0 
143.0 -20518.0 
132.0 -19093.0 
119.0 -17214.0 
120.0 -17812.0 
121.0 -17844.0 
156.0 -20530.0 
157.0 -20766.0 
116.0 -16011.0 
114.0 -15852.0 
112.0 -15801.0 
141.0 -20048.0 
141.0 -20048.0 
131.0 -18688.0 
131.0 -18688.0 
128.0 -18372.0 
133.0 -19418.0 
138.0 -19473.0 
123.0 -17982.0 
118.0 -16482.0 
150.0 -20514.0 
143.0 -20308.0 
119.0 -16562.0 
120.0 -17233.0 
121.0 -17668.0 
159.0 -20565.0 
164.0 -20618.0 
159.0 -20565.0 
164.0 -20618.0 
117.0 -15804.0 
131.0 -18353.0 
133.0 -18646.0 
135.0 -19352.0 
134.0 -19083.0 
126.0 -17924.0 
124.0 -17795.0 
118.0 -16276.0 
156.0 -20438.0 
149.0 -20002.0 
155.0 -20235.0 
143.0 -19953.0 
151.0 -20007.0 
120.0 -17021.0 
121.0 -17348.0 
121.0 -17348.0 
121.0 -17348.0 
159.0 -20564.0 
166.0 -20585.0 
131.0 -18248.0 
132.0 -18326.0 
133.0 -18481.0 
136.0 -19337.0 
135.0 -19267.0 
134.0 -18920.0 
128.0 -17717.0 
128.0 -17717.0 
128.0 -17717.0 
118.0 -16104.0 
158.0 -20344.0 
155.0 -20144.0 
155.0 -20144.0 
144.0 -19678.0 
144.0 -19678.0 
146.0 -19940.0 
147.0 -19946.0 
120.0 -16690.0 
168.0 -20521.0 
128.0 -17592.0 
131.0 -18149.0 
121.0 -17323.0 
134.0 -18679.0 
159.0 -20161.0 
156.0 -20093.0 
162.0 -20498.0 
146.0 -19788.0 
135.0 -18896.0 
151.0 -19945.0 
136.0 -19273.0 
145.0 -19517.0 
150.0 -19920.0 
144.0 -19380.0 
141.0 -19324.0 
