580.0 -19929.0 
575.0 -19702.0 
489.0 -15880.0 
496.0 -18594.0 
535.0 -19015.0 
596.0 -21715.0 
578.0 -19167.0 
502.0 -17421.0 
522.0 -17707.0 
564.0 -18746.0 
603.0 -21419.0 
596.0 -19221.0 
516.0 -16842.0 
511.0 -15106.0 
519.0 -17412.0 
572.0 -18719.0 
603.0 -19894.0 
603.0 -19894.0 
652.0 -20708.0 
615.0 -20124.0 
623.0 -20335.0 
609.0 -20096.0 
543.0 -17118.0 
524.0 -16235.0 
520.0 -15644.0 
557.0 -17193.0 
572.0 -18643.0 
715.0 -20435.0 
609.0 -19958.0 
543.0 -16552.0 
551.0 -16833.0 
527.0 -15944.0 
524.0 -15480.0 
568.0 -17055.0 
605.0 -18594.0 
572.0 -18546.0 
734.0 -20350.0 
648.0 -19935.0 
612.0 -19462.0 
549.0 -16418.0 
563.0 -16771.0 
562.0 -16514.0 
543.0 -15361.0 
547.0 -15476.0 
528.0 -14991.0 
572.0 -17484.0 
579.0 -18510.0 
739.0 -20267.0 
714.0 -19871.0 
676.0 -19857.0 
650.0 -19601.0 
613.0 -19120.0 
636.0 -19199.0 
636.0 -19199.0 
556.0 -16199.0 
551.0 -15712.0 
579.0 -18260.0 
717.0 -19734.0 
628.0 -18735.0 
637.0 -19101.0 
566.0 -16042.0 
552.0 -14686.0 
580.0 -17349.0 
584.0 -18236.0 
582.0 -18202.0 
726.0 -19692.0 
725.0 -19368.0 
634.0 -18645.0 
639.0 -18687.0 
687.0 -18995.0 
658.0 -18722.0 
568.0 -15800.0 
566.0 -15161.0 
556.0 -14528.0 
580.0 -16776.0 
588.0 -18046.0 
584.0 -16878.0 
595.0 -18184.0 
586.0 -17466.0 
746.0 -19215.0 
738.0 -19092.0 
645.0 -18405.0 
717.0 -18860.0 
682.0 -18507.0 
704.0 -18695.0 
572.0 -15685.0 
569.0 -15105.0 
559.0 -14170.0 
582.0 -16634.0 
590.0 -17967.0 
585.0 -16866.0 
766.0 -19141.0 
758.0 -18970.0 
678.0 -18243.0 
693.0 -18496.0 
691.0 -18393.0 
726.0 -18536.0 
581.0 -15672.0 
733.0 -18432.0 
597.0 -17680.0 
