172.0 -19845.0 
179.0 -20132.0 
168.0 -19757.0 
136.0 -16887.0 
141.0 -18843.0 
176.0 -20010.0 
157.0 -19547.0 
128.0 -16780.0 
126.0 -15924.0 
173.0 -19759.0 
173.0 -19759.0 
171.0 -19628.0 
138.0 -16866.0 
141.0 -18181.0 
145.0 -18281.0 
146.0 -18726.0 
178.0 -19913.0 
157.0 -19041.0 
168.0 -19280.0 
130.0 -16063.0 
133.0 -16756.0 
177.0 -19600.0 
175.0 -19475.0 
141.0 -18050.0 
153.0 -18539.0 
154.0 -18576.0 
179.0 -19749.0 
180.0 -19808.0 
162.0 -18860.0 
165.0 -18993.0 
160.0 -18632.0 
169.0 -19277.0 
135.0 -16374.0 
138.0 -16495.0 
140.0 -16736.0 
177.0 -19500.0 
175.0 -19333.0 
142.0 -16931.0 
143.0 -17656.0 
146.0 -17870.0 
148.0 -17954.0 
154.0 -18468.0 
154.0 -18468.0 
179.0 -19543.0 
182.0 -19784.0 
182.0 -19784.0 
188.0 -19790.0 
163.0 -18775.0 
167.0 -18879.0 
161.0 -18583.0 
137.0 -15803.0 
141.0 -16630.0 
177.0 -19460.0 
176.0 -19300.0 
175.0 -19145.0 
175.0 -19145.0 
143.0 -17498.0 
160.0 -18226.0 
159.0 -18096.0 
157.0 -17877.0 
183.0 -19572.0 
182.0 -19530.0 
189.0 -19672.0 
189.0 -19672.0 
189.0 -19672.0 
166.0 -18760.0 
173.0 -18821.0 
168.0 -18818.0 
162.0 -18519.0 
139.0 -15563.0 
176.0 -19218.0 
145.0 -16995.0 
144.0 -15786.0 
147.0 -17083.0 
153.0 -17240.0 
155.0 -17435.0 
151.0 -17102.0 
159.0 -17799.0 
157.0 -17765.0 
185.0 -19521.0 
191.0 -19607.0 
193.0 -19651.0 
173.0 -18796.0 
168.0 -18746.0 
170.0 -18756.0 
168.0 -18746.0 
162.0 -18224.0 
165.0 -18395.0 
141.0 -15527.0 
141.0 -15527.0 
144.0 -15699.0 
191.0 -19581.0 
157.0 -17683.0 
146.0 -16568.0 
169.0 -18621.0 
176.0 -18926.0 
162.0 -17799.0 
155.0 -17091.0 
163.0 -18172.0 
149.0 -16676.0 
