250.0 -15147.0 
253.0 -17357.0 
260.0 -16794.0 
284.0 -16734.0 
272.0 -16272.0 
262.0 -16182.0 
286.0 -16546.0 
276.0 -16186.0 
270.0 -16134.0 
264.0 -15726.0 
277.0 -16156.0 
270.0 -16015.0 
268.0 -15411.0 
287.0 -16133.0 
271.0 -15985.0 
270.0 -14695.0 
294.0 -16029.0 
282.0 -15809.0 
271.0 -15325.0 
288.0 -15884.0 
296.0 -15975.0 
305.0 -15979.0 
283.0 -15785.0 
271.0 -15243.0 
290.0 -15803.0 
307.0 -15925.0 
272.0 -14658.0 
278.0 -15177.0 
291.0 -15801.0 
287.0 -14953.0 
304.0 -15489.0 
307.0 -15799.0 
294.0 -15395.0 
289.0 -14093.0 
310.0 -15549.0 
311.0 -15774.0 
310.0 -15549.0 
303.0 -15188.0 
296.0 -14921.0 
298.0 -15133.0 
294.0 -13979.0 
317.0 -15354.0 
315.0 -15183.0 
305.0 -14537.0 
307.0 -14765.0 
295.0 -13853.0 
331.0 -15221.0 
316.0 -14536.0 
316.0 -14536.0 
317.0 -14667.0 
314.0 -13772.0 
334.0 -15114.0 
327.0 -14226.0 
350.0 -14518.0 
346.0 -14222.0 
356.0 -12353.0 
264.0 -20362.0 
356.0 -27167.0 
265.0 -21611.0 
295.0 -24126.0 
266.0 -22795.0 
423.0 -28303.0 
384.0 -27460.0 
328.0 -25158.0 
248.0 -18060.0 
330.0 -26001.0 
379.0 -27130.0 
376.0 -26691.0 
368.0 -26130.0 
265.0 -20525.0 
300.0 -23294.0 
302.0 -23899.0 
279.0 -21345.0 
289.0 -22533.0 
283.0 -21396.0 
284.0 -22069.0 
425.0 -27538.0 
476.0 -27662.0 
440.0 -27543.0 
390.0 -27279.0 
423.0 -27410.0 
328.0 -24301.0 
335.0 -25935.0 
266.0 -18780.0 
466.0 -27538.0 
382.0 -26989.0 
340.0 -25884.0 
414.0 -27002.0 
335.0 -24974.0 
293.0 -22178.0 
435.0 -27282.0 
270.0 -19233.0 
329.0 -24271.0 
287.0 -20852.0 
302.0 -23173.0 
277.0 -20112.0 
312.0 -23619.0 
319.0 -23868.0 
449.0 -27310.0 
453.0 -27501.0 
