445.0 -23424.0 
440.0 -22721.0 
403.0 -20350.0 
492.0 -23617.0 
406.0 -20651.0 
606.0 -24699.0 
429.0 -20762.0 
430.0 -22330.0 
506.0 -24151.0 
354.0 -20304.0 
330.0 -18136.0 
458.0 -23212.0 
469.0 -23284.0 
444.0 -22597.0 
444.0 -22597.0 
498.0 -23587.0 
418.0 -20317.0 
423.0 -20464.0 
611.0 -24498.0 
435.0 -21077.0 
526.0 -24011.0 
383.0 -20132.0 
368.0 -19547.0 
370.0 -19701.0 
369.0 -19608.0 
463.0 -23068.0 
483.0 -23116.0 
459.0 -21607.0 
630.0 -24362.0 
435.0 -21006.0 
536.0 -23987.0 
393.0 -19878.0 
427.0 -20025.0 
374.0 -19175.0 
478.0 -22671.0 
466.0 -22658.0 
516.0 -22845.0 
500.0 -22794.0 
521.0 -22883.0 
464.0 -21500.0 
446.0 -20651.0 
441.0 -20592.0 
601.0 -23716.0 
537.0 -23096.0 
580.0 -23479.0 
573.0 -23343.0 
549.0 -23232.0 
590.0 -23548.0 
594.0 -23565.0 
403.0 -19516.0 
406.0 -19791.0 
398.0 -19016.0 
395.0 -18980.0 
380.0 -16629.0 
475.0 -21864.0 
484.0 -21982.0 
469.0 -21502.0 
517.0 -22614.0 
502.0 -22393.0 
531.0 -22723.0 
535.0 -22742.0 
464.0 -20914.0 
450.0 -20504.0 
441.0 -19930.0 
654.0 -23658.0 
544.0 -22760.0 
573.0 -23233.0 
549.0 -23186.0 
625.0 -23539.0 
610.0 -23274.0 
404.0 -19347.0 
426.0 -19590.0 
430.0 -19593.0 
496.0 -21800.0 
478.0 -21362.0 
479.0 -21380.0 
527.0 -22560.0 
525.0 -22114.0 
524.0 -21976.0 
523.0 -21934.0 
534.0 -22699.0 
470.0 -20625.0 
451.0 -20475.0 
443.0 -19923.0 
667.0 -23544.0 
576.0 -23196.0 
567.0 -22711.0 
570.0 -23139.0 
410.0 -17553.0 
410.0 -17553.0 
406.0 -17068.0 
414.0 -19303.0 
427.0 -19585.0 
679.0 -23442.0 
416.0 -15768.0 
671.0 -23336.0 
586.0 -22986.0 
422.0 -19050.0 
418.0 -18030.0 
456.0 -19577.0 
