211.0 -18949.0 
177.0 -15633.0 
185.0 -18062.0 
227.0 -18543.0 
219.0 -18226.0 
183.0 -15077.0 
180.0 -15060.0 
201.0 -16571.0 
207.0 -17658.0 
204.0 -16763.0 
189.0 -16125.0 
229.0 -18246.0 
219.0 -17776.0 
227.0 -17889.0 
222.0 -17870.0 
185.0 -15029.0 
202.0 -16509.0 
210.0 -16796.0 
211.0 -17392.0 
212.0 -17412.0 
213.0 -17639.0 
208.0 -16752.0 
190.0 -15501.0 
233.0 -17955.0 
233.0 -17955.0 
236.0 -17957.0 
229.0 -17911.0 
222.0 -17736.0 
203.0 -16368.0 
203.0 -16368.0 
202.0 -15512.0 
212.0 -17273.0 
213.0 -17442.0 
210.0 -16717.0 
208.0 -16497.0 
194.0 -15361.0 
192.0 -14315.0 
238.0 -17949.0 
230.0 -17897.0 
229.0 -17639.0 
224.0 -17465.0 
203.0 -16012.0 
203.0 -16012.0 
212.0 -17075.0 
214.0 -17212.0 
211.0 -16333.0 
195.0 -15355.0 
194.0 -14733.0 
237.0 -17879.0 
229.0 -17626.0 
227.0 -17376.0 
206.0 -15709.0 
205.0 -15530.0 
212.0 -17053.0 
216.0 -17168.0 
197.0 -15350.0 
197.0 -15350.0 
194.0 -14630.0 
238.0 -17767.0 
241.0 -17803.0 
237.0 -17691.0 
237.0 -17691.0 
248.0 -17862.0 
228.0 -17338.0 
227.0 -17324.0 
208.0 -15637.0 
208.0 -15637.0 
211.0 -15651.0 
213.0 -16983.0 
215.0 -16997.0 
212.0 -15913.0 
223.0 -17110.0 
220.0 -17027.0 
197.0 -14928.0 
206.0 -15316.0 
200.0 -15011.0 
247.0 -17652.0 
240.0 -17629.0 
239.0 -17439.0 
249.0 -17726.0 
227.0 -17126.0 
228.0 -17224.0 
229.0 -17273.0 
209.0 -15375.0 
214.0 -16363.0 
216.0 -16983.0 
215.0 -16567.0 
212.0 -15832.0 
198.0 -14733.0 
199.0 -14859.0 
206.0 -15152.0 
253.0 -17594.0 
253.0 -17594.0 
199.0 -14222.0 
214.0 -16359.0 
212.0 -15155.0 
223.0 -16863.0 
228.0 -17038.0 
240.0 -17356.0 
200.0 -14748.0 
