145.0 -21284.0 
145.0 -21284.0 
137.0 -20654.0 
118.0 -18614.0 
134.0 -20463.0 
131.0 -20009.0 
145.0 -21284.0 
131.0 -20009.0 
125.0 -19474.0 
145.0 -21284.0 
145.0 -21284.0 
132.0 -20303.0 
113.0 -18098.0 
145.0 -21284.0 
110.0 -17458.0 
115.0 -18573.0 
104.0 -16158.0 
141.0 -21109.0 
107.0 -17213.0 
127.0 -19749.0 
109.0 -17448.0 
111.0 -17927.0 
123.0 -19265.0 
105.0 -17063.0 
140.0 -20468.0 
121.0 -18603.0 
139.0 -20447.0 
139.0 -20447.0 
131.0 -19938.0 
125.0 -19381.0 
133.0 -20104.0 
137.0 -20249.0 
135.0 -20244.0 
114.0 -18027.0 
114.0 -18027.0 
149.0 -21123.0 
120.0 -18529.0 
119.0 -18446.0 
116.0 -18274.0 
120.0 -18529.0 
141.0 -20573.0 
143.0 -20889.0 
143.0 -20889.0 
129.0 -19619.0 
128.0 -19524.0 
127.0 -19428.0 
111.0 -17473.0 
123.0 -19171.0 
123.0 -19171.0 
105.0 -16533.0 
107.0 -16885.0 
122.0 -18588.0 
121.0 -18566.0 
131.0 -19916.0 
133.0 -20009.0 
139.0 -20209.0 
139.0 -20209.0 
135.0 -20192.0 
115.0 -17753.0 
151.0 -20923.0 
151.0 -20923.0 
150.0 -20894.0 
152.0 -21039.0 
116.0 -18058.0 
118.0 -18263.0 
120.0 -18513.0 
141.0 -20331.0 
143.0 -20544.0 
145.0 -20784.0 
144.0 -20632.0 
130.0 -19563.0 
129.0 -19394.0 
128.0 -19365.0 
127.0 -19225.0 
112.0 -17273.0 
112.0 -17273.0 
111.0 -17088.0 
111.0 -17088.0 
123.0 -18983.0 
124.0 -19077.0 
125.0 -19094.0 
106.0 -16208.0 
152.0 -21002.0 
107.0 -16100.0 
116.0 -17932.0 
135.0 -20099.0 
111.0 -16708.0 
141.0 -20305.0 
113.0 -17188.0 
128.0 -19344.0 
109.0 -16140.0 
131.0 -19708.0 
123.0 -18888.0 
132.0 -19900.0 
118.0 -18215.0 
127.0 -19088.0 
112.0 -17143.0 
120.0 -18311.0 
146.0 -20698.0 
148.0 -20779.0 
