312.0 -19741.0 
284.0 -17665.0 
314.0 -21018.0 
297.0 -17891.0 
308.0 -18567.0 
384.0 -25042.0 
447.0 -26129.0 
342.0 -24056.0 
480.0 -26681.0 
447.0 -26129.0 
286.0 -17516.0 
286.0 -17516.0 
320.0 -20245.0 
322.0 -20845.0 
316.0 -19861.0 
322.0 -20845.0 
310.0 -17963.0 
419.0 -24728.0 
412.0 -24349.0 
394.0 -24272.0 
349.0 -22453.0 
342.0 -22013.0 
367.0 -22696.0 
388.0 -23226.0 
389.0 -23283.0 
516.0 -26193.0 
453.0 -25135.0 
493.0 -25940.0 
475.0 -25499.0 
460.0 -25438.0 
292.0 -17401.0 
320.0 -18219.0 
339.0 -20641.0 
325.0 -18295.0 
326.0 -20192.0 
312.0 -17953.0 
424.0 -24690.0 
413.0 -24116.0 
396.0 -24034.0 
352.0 -22345.0 
351.0 -21761.0 
346.0 -21256.0 
345.0 -21203.0 
380.0 -22556.0 
371.0 -22536.0 
458.0 -25054.0 
573.0 -25902.0 
510.0 -25651.0 
542.0 -25869.0 
538.0 -25854.0 
520.0 -25748.0 
470.0 -25435.0 
298.0 -17380.0 
321.0 -18009.0 
343.0 -19883.0 
326.0 -19000.0 
338.0 -19762.0 
439.0 -24326.0 
439.0 -24326.0 
430.0 -24284.0 
397.0 -23844.0 
416.0 -23885.0 
422.0 -24015.0 
420.0 -24010.0 
367.0 -21419.0 
348.0 -19899.0 
352.0 -21091.0 
365.0 -21145.0 
349.0 -20600.0 
391.0 -22542.0 
379.0 -22429.0 
375.0 -22393.0 
379.0 -22429.0 
374.0 -22337.0 
374.0 -22337.0 
371.0 -22172.0 
371.0 -22172.0 
371.0 -22172.0 
459.0 -24804.0 
512.0 -25602.0 
499.0 -25278.0 
472.0 -25231.0 
310.0 -16646.0 
577.0 -25600.0 
522.0 -25582.0 
326.0 -18477.0 
338.0 -19717.0 
486.0 -25204.0 
566.0 -25593.0 
354.0 -20304.0 
402.0 -23203.0 
328.0 -18898.0 
433.0 -24071.0 
362.0 -20684.0 
377.0 -21826.0 
405.0 -23770.0 
393.0 -22479.0 
384.0 -22416.0 
438.0 -24174.0 
458.0 -24281.0 
