526.0 -24011.0 
435.0 -21006.0 
445.0 -23424.0 
630.0 -24362.0 
440.0 -22721.0 
383.0 -20132.0 
403.0 -20350.0 
368.0 -19547.0 
492.0 -23617.0 
406.0 -20651.0 
601.0 -23716.0 
463.0 -23068.0 
444.0 -22597.0 
393.0 -19878.0 
537.0 -23096.0 
580.0 -23479.0 
573.0 -23343.0 
418.0 -20317.0 
654.0 -23658.0 
516.0 -22845.0 
500.0 -22794.0 
478.0 -22671.0 
475.0 -21864.0 
446.0 -20651.0 
459.0 -21607.0 
398.0 -19016.0 
404.0 -19347.0 
395.0 -18980.0 
573.0 -23233.0 
427.0 -20025.0 
667.0 -23544.0 
544.0 -22760.0 
534.0 -22699.0 
517.0 -22614.0 
502.0 -22393.0 
484.0 -21982.0 
450.0 -20504.0 
469.0 -21502.0 
422.0 -19050.0 
410.0 -17553.0 
418.0 -18030.0 
418.0 -18030.0 
410.0 -17553.0 
576.0 -23196.0 
441.0 -19930.0 
679.0 -23442.0 
671.0 -23336.0 
552.0 -22651.0 
548.0 -22523.0 
525.0 -22114.0 
531.0 -22202.0 
504.0 -21688.0 
524.0 -21976.0 
460.0 -20259.0 
478.0 -21362.0 
496.0 -21481.0 
470.0 -20625.0 
424.0 -19012.0 
421.0 -16815.0 
584.0 -22969.0 
579.0 -22802.0 
674.0 -22970.0 
549.0 -22343.0 
560.0 -22505.0 
535.0 -22016.0 
526.0 -21915.0 
462.0 -20167.0 
487.0 -21187.0 
486.0 -21024.0 
512.0 -21425.0 
507.0 -21220.0 
471.0 -20195.0 
473.0 -20593.0 
424.0 -17576.0 
427.0 -18543.0 
449.0 -19008.0 
442.0 -18730.0 
604.0 -22960.0 
596.0 -22510.0 
596.0 -22510.0 
551.0 -22039.0 
576.0 -22492.0 
564.0 -22129.0 
543.0 -22005.0 
537.0 -21716.0 
531.0 -21690.0 
469.0 -19285.0 
502.0 -21094.0 
528.0 -21402.0 
516.0 -21376.0 
517.0 -21397.0 
472.0 -19889.0 
490.0 -20539.0 
478.0 -20474.0 
428.0 -17624.0 
431.0 -18268.0 
449.0 -18832.0 
623.0 -22927.0 
434.0 -17226.0 
666.0 -22760.0 
