227.0 -17126.0 
213.0 -16983.0 
197.0 -14928.0 
231.0 -17237.0 
233.0 -17955.0 
208.0 -15637.0 
222.0 -15821.0 
227.0 -16843.0 
228.0 -16938.0 
205.0 -13983.0 
238.0 -17767.0 
212.0 -15155.0 
218.0 -15599.0 
224.0 -15638.0 
227.0 -16667.0 
205.0 -13703.0 
241.0 -17545.0 
241.0 -17545.0 
239.0 -17439.0 
249.0 -17726.0 
214.0 -14220.0 
217.0 -14667.0 
220.0 -15526.0 
228.0 -16189.0 
232.0 -16560.0 
247.0 -17510.0 
241.0 -16709.0 
250.0 -17522.0 
217.0 -14256.0 
220.0 -15253.0 
230.0 -15999.0 
228.0 -15439.0 
228.0 -15439.0 
232.0 -16338.0 
248.0 -16802.0 
244.0 -16633.0 
253.0 -17357.0 
252.0 -17081.0 
265.0 -17359.0 
253.0 -17357.0 
219.0 -13439.0 
224.0 -15224.0 
231.0 -15458.0 
235.0 -16205.0 
232.0 -15990.0 
249.0 -16726.0 
244.0 -16255.0 
260.0 -17186.0 
256.0 -16857.0 
257.0 -17028.0 
253.0 -16775.0 
266.0 -17196.0 
265.0 -17193.0 
265.0 -17193.0 
224.0 -14735.0 
228.0 -15215.0 
240.0 -16172.0 
232.0 -15933.0 
249.0 -16565.0 
251.0 -16603.0 
262.0 -17160.0 
260.0 -16794.0 
260.0 -16794.0 
257.0 -16747.0 
256.0 -16698.0 
255.0 -16641.0 
227.0 -14469.0 
225.0 -14183.0 
231.0 -14853.0 
241.0 -16042.0 
242.0 -16082.0 
232.0 -15850.0 
237.0 -15904.0 
249.0 -16162.0 
250.0 -16234.0 
251.0 -16575.0 
264.0 -17095.0 
260.0 -16774.0 
258.0 -16741.0 
257.0 -16699.0 
228.0 -14421.0 
229.0 -14422.0 
232.0 -15165.0 
234.0 -15651.0 
247.0 -15879.0 
245.0 -15861.0 
239.0 -15767.0 
249.0 -15961.0 
252.0 -16346.0 
265.0 -16989.0 
257.0 -16389.0 
258.0 -16522.0 
259.0 -16691.0 
228.0 -14299.0 
232.0 -14924.0 
269.0 -16947.0 
269.0 -16947.0 
245.0 -15849.0 
252.0 -16338.0 
265.0 -16753.0 
