172.0 -19845.0 
179.0 -20132.0 
162.0 -18860.0 
130.0 -16063.0 
168.0 -19757.0 
136.0 -16887.0 
141.0 -18843.0 
165.0 -18993.0 
173.0 -19759.0 
173.0 -19759.0 
182.0 -19784.0 
168.0 -19280.0 
138.0 -16866.0 
161.0 -18583.0 
141.0 -18181.0 
163.0 -18775.0 
145.0 -18281.0 
153.0 -18539.0 
179.0 -19749.0 
177.0 -19600.0 
175.0 -19333.0 
169.0 -19277.0 
138.0 -16495.0 
142.0 -16931.0 
166.0 -18760.0 
145.0 -16995.0 
146.0 -17870.0 
154.0 -18468.0 
154.0 -18468.0 
162.0 -18519.0 
189.0 -19672.0 
189.0 -19672.0 
177.0 -19500.0 
183.0 -19572.0 
179.0 -19543.0 
176.0 -19300.0 
173.0 -18796.0 
139.0 -15563.0 
144.0 -15786.0 
168.0 -18746.0 
170.0 -18756.0 
168.0 -18746.0 
147.0 -17083.0 
146.0 -16568.0 
146.0 -16568.0 
153.0 -17240.0 
160.0 -18226.0 
157.0 -17683.0 
191.0 -19607.0 
185.0 -19521.0 
176.0 -18892.0 
177.0 -18896.0 
182.0 -19161.0 
180.0 -19127.0 
141.0 -15527.0 
172.0 -18755.0 
170.0 -18659.0 
152.0 -16920.0 
148.0 -16468.0 
153.0 -17029.0 
161.0 -17696.0 
163.0 -18172.0 
162.0 -17799.0 
163.0 -18172.0 
159.0 -17546.0 
160.0 -17585.0 
187.0 -19285.0 
200.0 -19444.0 
192.0 -19379.0 
187.0 -19285.0 
182.0 -19122.0 
181.0 -18768.0 
173.0 -18740.0 
173.0 -18740.0 
170.0 -18366.0 
172.0 -18378.0 
148.0 -15761.0 
149.0 -15890.0 
157.0 -16949.0 
155.0 -16904.0 
164.0 -17643.0 
168.0 -18131.0 
160.0 -17540.0 
202.0 -19420.0 
149.0 -15545.0 
158.0 -16883.0 
187.0 -19208.0 
157.0 -16014.0 
165.0 -17628.0 
170.0 -17972.0 
183.0 -18979.0 
155.0 -15736.0 
160.0 -17342.0 
174.0 -18569.0 
173.0 -18349.0 
178.0 -18730.0 
161.0 -17491.0 
181.0 -18762.0 
171.0 -18076.0 
187.0 -19208.0 
