133.0 -19418.0 
131.0 -18688.0 
141.0 -20048.0 
141.0 -20048.0 
126.0 -18462.0 
132.0 -19127.0 
131.0 -18688.0 
137.0 -20024.0 
142.0 -20090.0 
126.0 -18462.0 
119.0 -17883.0 
126.0 -18462.0 
150.0 -20514.0 
120.0 -17968.0 
118.0 -16695.0 
117.0 -16583.0 
151.0 -20923.0 
123.0 -17982.0 
115.0 -16018.0 
143.0 -20308.0 
109.0 -15923.0 
136.0 -19337.0 
132.0 -19093.0 
138.0 -19473.0 
128.0 -18372.0 
120.0 -17812.0 
118.0 -16482.0 
119.0 -16562.0 
159.0 -20565.0 
156.0 -20530.0 
164.0 -20618.0 
159.0 -20565.0 
164.0 -20618.0 
116.0 -16011.0 
144.0 -19678.0 
149.0 -20002.0 
144.0 -19678.0 
146.0 -19940.0 
155.0 -20235.0 
114.0 -15852.0 
112.0 -15801.0 
136.0 -19273.0 
136.0 -19273.0 
133.0 -18481.0 
134.0 -18920.0 
141.0 -19324.0 
131.0 -18353.0 
121.0 -17348.0 
120.0 -17021.0 
124.0 -17795.0 
121.0 -17348.0 
121.0 -17348.0 
118.0 -16104.0 
156.0 -20438.0 
162.0 -20498.0 
166.0 -20585.0 
145.0 -19517.0 
144.0 -19380.0 
146.0 -19788.0 
150.0 -19920.0 
155.0 -20144.0 
155.0 -20144.0 
117.0 -15804.0 
137.0 -19234.0 
134.0 -18679.0 
135.0 -18896.0 
142.0 -19292.0 
131.0 -18248.0 
132.0 -18326.0 
133.0 -18327.0 
120.0 -16690.0 
128.0 -17717.0 
128.0 -17717.0 
128.0 -17717.0 
121.0 -17323.0 
158.0 -20344.0 
162.0 -20446.0 
163.0 -20447.0 
168.0 -20521.0 
145.0 -19432.0 
146.0 -19677.0 
150.0 -19886.0 
154.0 -19893.0 
156.0 -20093.0 
120.0 -15635.0 
170.0 -20459.0 
121.0 -16838.0 
128.0 -17592.0 
147.0 -19530.0 
131.0 -18149.0 
141.0 -19150.0 
150.0 -19812.0 
134.0 -18518.0 
125.0 -17056.0 
136.0 -18818.0 
139.0 -18946.0 
163.0 -20409.0 
157.0 -19865.0 
159.0 -20161.0 
158.0 -19920.0 
