145.0 -21284.0 
145.0 -21284.0 
134.0 -20463.0 
145.0 -21284.0 
145.0 -21284.0 
145.0 -21284.0 
132.0 -20303.0 
145.0 -21284.0 
115.0 -18573.0 
127.0 -19749.0 
125.0 -19693.0 
132.0 -20303.0 
118.0 -18798.0 
132.0 -20303.0 
119.0 -18962.0 
129.0 -20071.0 
99.0 -16153.0 
124.0 -19457.0 
122.0 -19440.0 
135.0 -20775.0 
119.0 -18962.0 
119.0 -18962.0 
140.0 -21059.0 
145.0 -21284.0 
103.0 -17332.0 
129.0 -20071.0 
133.0 -20438.0 
139.0 -20796.0 
133.0 -20438.0 
101.0 -16727.0 
111.0 -18248.0 
141.0 -21247.0 
121.0 -19430.0 
108.0 -17898.0 
117.0 -18731.0 
