157.0 -19547.0 
128.0 -16780.0 
126.0 -15924.0 
128.0 -16780.0 
141.0 -19092.0 
153.0 -19378.0 
127.0 -16203.0 
165.0 -20183.0 
163.0 -19871.0 
160.0 -19577.0 
138.0 -18545.0 
134.0 -18127.0 
120.0 -15635.0 
133.0 -16756.0 
129.0 -16225.0 
141.0 -18843.0 
141.0 -18843.0 
143.0 -18947.0 
158.0 -19365.0 
156.0 -19299.0 
175.0 -20145.0 
172.0 -19845.0 
168.0 -19812.0 
164.0 -19427.0 
167.0 -19539.0 
136.0 -16887.0 
137.0 -17189.0 
137.0 -17189.0 
140.0 -17633.0 
137.0 -17189.0 
133.0 -16556.0 
130.0 -16063.0 
141.0 -18181.0 
142.0 -18242.0 
146.0 -18726.0 
146.0 -18726.0 
145.0 -18601.0 
154.0 -18803.0 
157.0 -19041.0 
159.0 -19187.0 
179.0 -20132.0 
176.0 -20010.0 
177.0 -20028.0 
168.0 -19757.0 
173.0 -19785.0 
165.0 -19290.0 
166.0 -19318.0 
136.0 -16641.0 
140.0 -17191.0 
137.0 -17147.0 
137.0 -17147.0 
135.0 -16374.0 
133.0 -15614.0 
141.0 -18050.0 
147.0 -18610.0 
153.0 -18672.0 
147.0 -18610.0 
145.0 -18281.0 
145.0 -18281.0 
157.0 -18728.0 
162.0 -18877.0 
160.0 -18821.0 
178.0 -19994.0 
168.0 -19725.0 
173.0 -19759.0 
173.0 -19759.0 
177.0 -19763.0 
165.0 -19220.0 
136.0 -16558.0 
138.0 -17051.0 
138.0 -17051.0 
137.0 -16655.0 
143.0 -17656.0 
143.0 -17656.0 
141.0 -17436.0 
142.0 -17564.0 
155.0 -18615.0 
154.0 -18612.0 
153.0 -18539.0 
149.0 -18285.0 
150.0 -18432.0 
145.0 -18261.0 
162.0 -18860.0 
164.0 -18866.0 
160.0 -18741.0 
161.0 -18743.0 
178.0 -19913.0 
181.0 -19951.0 
181.0 -19951.0 
169.0 -19651.0 
168.0 -19280.0 
165.0 -18993.0 
136.0 -16286.0 
138.0 -16866.0 
180.0 -19808.0 
136.0 -16184.0 
148.0 -18258.0 
146.0 -17870.0 
143.0 -17498.0 
142.0 -17115.0 
