517.0 -22614.0 
537.0 -23096.0 
444.0 -22597.0 
580.0 -23479.0 
398.0 -19016.0 
469.0 -19285.0 
472.0 -19889.0 
475.0 -21864.0 
525.0 -22114.0 
549.0 -22343.0 
531.0 -22202.0 
576.0 -22492.0 
679.0 -23442.0 
596.0 -22510.0 
604.0 -22960.0 
418.0 -18030.0 
427.0 -18543.0 
482.0 -20193.0 
476.0 -19601.0 
487.0 -21187.0 
504.0 -21688.0 
543.0 -22005.0 
537.0 -21716.0 
591.0 -22069.0 
585.0 -22024.0 
666.0 -22760.0 
631.0 -22406.0 
665.0 -22677.0 
645.0 -22540.0 
424.0 -17576.0 
458.0 -18106.0 
448.0 -18060.0 
476.0 -18849.0 
483.0 -18854.0 
490.0 -20539.0 
488.0 -19805.0 
531.0 -21617.0 
512.0 -21425.0 
507.0 -21220.0 
543.0 -21833.0 
591.0 -21859.0 
612.0 -21867.0 
630.0 -21972.0 
632.0 -22259.0 
688.0 -22671.0 
673.0 -22310.0 
442.0 -16565.0 
454.0 -17900.0 
448.0 -17156.0 
478.0 -18421.0 
484.0 -18803.0 
492.0 -20471.0 
538.0 -21499.0 
528.0 -21402.0 
516.0 -21376.0 
517.0 -21397.0 
510.0 -21037.0 
588.0 -21723.0 
571.0 -21644.0 
557.0 -21643.0 
633.0 -22173.0 
692.0 -22510.0 
692.0 -22510.0 
445.0 -15947.0 
444.0 -12988.0 
447.0 -16016.0 
465.0 -17668.0 
457.0 -16752.0 
463.0 -17040.0 
455.0 -16199.0 
483.0 -17974.0 
493.0 -20197.0 
550.0 -21399.0 
523.0 -21302.0 
513.0 -20627.0 
596.0 -21715.0 
572.0 -21604.0 
565.0 -21404.0 
634.0 -22125.0 
698.0 -22486.0 
447.0 -13935.0 
471.0 -17500.0 
481.0 -17648.0 
479.0 -17524.0 
462.0 -16379.0 
469.0 -16884.0 
460.0 -16065.0 
456.0 -14843.0 
733.0 -22147.0 
460.0 -14673.0 
471.0 -17112.0 
464.0 -14893.0 
493.0 -18417.0 
477.0 -17386.0 
709.0 -22111.0 
670.0 -21979.0 
526.0 -21095.0 
554.0 -21220.0 
522.0 -20611.0 
634.0 -21834.0 
