133.0 -19418.0 
159.0 -20565.0 
114.0 -15852.0 
155.0 -20144.0 
131.0 -18688.0 
141.0 -20048.0 
116.0 -16011.0 
141.0 -20048.0 
121.0 -17348.0 
126.0 -18462.0 
118.0 -16482.0 
156.0 -20530.0 
120.0 -17021.0 
124.0 -17795.0 
132.0 -19127.0 
131.0 -18688.0 
119.0 -16562.0 
164.0 -20618.0 
155.0 -20144.0 
136.0 -19273.0 
117.0 -15804.0 
144.0 -19678.0 
149.0 -20002.0 
141.0 -19324.0 
144.0 -19678.0 
123.0 -17046.0 
123.0 -17046.0 
128.0 -18372.0 
156.0 -20438.0 
162.0 -20498.0 
121.0 -16838.0 
134.0 -18679.0 
133.0 -18481.0 
166.0 -20585.0 
136.0 -18818.0 
120.0 -15635.0 
150.0 -19812.0 
142.0 -19292.0 
141.0 -19092.0 
141.0 -19092.0 
146.0 -19677.0 
128.0 -17717.0 
128.0 -17717.0 
128.0 -17717.0 
131.0 -18353.0 
158.0 -20344.0 
156.0 -20093.0 
162.0 -20446.0 
122.0 -16532.0 
127.0 -16642.0 
134.0 -18518.0 
168.0 -20521.0 
138.0 -18563.0 
153.0 -19748.0 
141.0 -18843.0 
141.0 -18843.0 
142.0 -18869.0 
143.0 -19056.0 
150.0 -19664.0 
146.0 -19069.0 
147.0 -19530.0 
128.0 -17592.0 
131.0 -18248.0 
133.0 -18327.0 
160.0 -20268.0 
157.0 -19865.0 
157.0 -19865.0 
159.0 -20033.0 
163.0 -20409.0 
162.0 -20275.0 
162.0 -20275.0 
163.0 -20409.0 
126.0 -15924.0 
124.0 -15563.0 
127.0 -16415.0 
136.0 -18392.0 
138.0 -18545.0 
154.0 -19739.0 
142.0 -18856.0 
143.0 -18947.0 
151.0 -19649.0 
147.0 -19495.0 
128.0 -17124.0 
130.0 -17335.0 
131.0 -17595.0 
132.0 -17975.0 
135.0 -18190.0 
133.0 -18146.0 
135.0 -18190.0 
160.0 -20125.0 
157.0 -19858.0 
165.0 -20183.0 
169.0 -20203.0 
170.0 -20334.0 
127.0 -16203.0 
172.0 -20247.0 
127.0 -15913.0 
128.0 -16800.0 
139.0 -18492.0 
134.0 -18127.0 
