232.0 -15850.0 
219.0 -13439.0 
241.0 -17545.0 
233.0 -14409.0 
234.0 -15472.0 
253.0 -17357.0 
247.0 -15514.0 
252.0 -15968.0 
242.0 -15283.0 
237.0 -13613.0 
253.0 -16333.0 
256.0 -16857.0 
266.0 -17196.0 
262.0 -17160.0 
257.0 -17028.0 
248.0 -15245.0 
247.0 -14426.0 
246.0 -13612.0 
253.0 -15337.0 
255.0 -16163.0 
260.0 -16794.0 
257.0 -16389.0 
258.0 -16741.0 
250.0 -15147.0 
246.0 -13537.0 
247.0 -13567.0 
279.0 -16760.0 
280.0 -16772.0 
257.0 -15815.0 
258.0 -16347.0 
260.0 -16659.0 
253.0 -14209.0 
250.0 -13880.0 
284.0 -16734.0 
284.0 -16734.0 
284.0 -16734.0 
257.0 -14997.0 
262.0 -16645.0 
261.0 -15413.0 
261.0 -15413.0 
260.0 -15008.0 
257.0 -14079.0 
262.0 -16182.0 
267.0 -16571.0 
260.0 -14080.0 
261.0 -14441.0 
258.0 -12840.0 
264.0 -15726.0 
262.0 -15452.0 
281.0 -16522.0 
273.0 -16493.0 
286.0 -16546.0 
288.0 -16568.0 
272.0 -16421.0 
267.0 -16372.0 
265.0 -15681.0 
262.0 -15180.0 
263.0 -15288.0 
274.0 -16490.0 
267.0 -16313.0 
262.0 -13596.0 
266.0 -14431.0 
280.0 -16462.0 
276.0 -16423.0 
269.0 -16272.0 
268.0 -15411.0 
267.0 -14791.0 
266.0 -14295.0 
276.0 -16366.0 
288.0 -16421.0 
281.0 -16417.0 
272.0 -16272.0 
270.0 -16191.0 
269.0 -15427.0 
268.0 -13660.0 
276.0 -16323.0 
275.0 -16256.0 
270.0 -16134.0 
272.0 -16142.0 
269.0 -15058.0 
276.0 -16186.0 
282.0 -16216.0 
270.0 -16088.0 
269.0 -14602.0 
277.0 -16156.0 
287.0 -16178.0 
296.0 -16207.0 
270.0 -16015.0 
269.0 -13239.0 
279.0 -16133.0 
279.0 -16133.0 
288.0 -16139.0 
271.0 -15985.0 
270.0 -15946.0 
287.0 -16133.0 
282.0 -16042.0 
271.0 -15799.0 
273.0 -15921.0 
270.0 -15746.0 
294.0 -16029.0 
