172.0 -19845.0 
161.0 -18583.0 
168.0 -19280.0 
154.0 -18468.0 
154.0 -18468.0 
179.0 -20132.0 
162.0 -18860.0 
145.0 -16995.0 
142.0 -16931.0 
139.0 -15563.0 
147.0 -17083.0 
173.0 -19759.0 
173.0 -19759.0 
169.0 -19277.0 
159.0 -17546.0 
160.0 -18226.0 
182.0 -19784.0 
163.0 -18775.0 
162.0 -18519.0 
146.0 -16568.0 
141.0 -15527.0 
152.0 -16920.0 
157.0 -16949.0 
179.0 -19749.0 
176.0 -19300.0 
173.0 -18796.0 
161.0 -17696.0 
160.0 -17585.0 
170.0 -18756.0 
163.0 -18172.0 
162.0 -17799.0 
148.0 -15761.0 
156.0 -15883.0 
158.0 -16883.0 
157.0 -16014.0 
189.0 -19672.0 
185.0 -19521.0 
176.0 -18892.0 
182.0 -19161.0 
160.0 -17540.0 
172.0 -18755.0 
170.0 -18659.0 
164.0 -17643.0 
155.0 -15736.0 
149.0 -15545.0 
158.0 -15959.0 
191.0 -19607.0 
187.0 -19285.0 
182.0 -19122.0 
160.0 -16760.0 
162.0 -16769.0 
173.0 -18740.0 
173.0 -18740.0 
171.0 -18076.0 
166.0 -16972.0 
170.0 -17497.0 
158.0 -15266.0 
158.0 -15266.0 
202.0 -19297.0 
187.0 -19208.0 
187.0 -19208.0 
183.0 -18979.0 
163.0 -16575.0 
162.0 -15442.0 
174.0 -18569.0 
178.0 -18730.0 
171.0 -17828.0 
173.0 -17931.0 
166.0 -16843.0 
161.0 -15265.0 
197.0 -19102.0 
187.0 -18871.0 
185.0 -18803.0 
190.0 -18967.0 
165.0 -15472.0 
183.0 -18581.0 
178.0 -18432.0 
181.0 -18534.0 
171.0 -17679.0 
175.0 -17930.0 
167.0 -16210.0 
170.0 -16288.0 
206.0 -19079.0 
212.0 -19091.0 
202.0 -19024.0 
200.0 -19020.0 
185.0 -18780.0 
191.0 -18918.0 
166.0 -15373.0 
180.0 -18411.0 
173.0 -16832.0 
174.0 -17114.0 
172.0 -16710.0 
176.0 -17763.0 
175.0 -17362.0 
179.0 -17765.0 
169.0 -15433.0 
170.0 -15899.0 
171.0 -16146.0 
209.0 -19070.0 
