284.0 -16734.0 
272.0 -16272.0 
262.0 -16182.0 
286.0 -16546.0 
277.0 -16156.0 
270.0 -16134.0 
264.0 -15726.0 
287.0 -16133.0 
282.0 -15809.0 
268.0 -15411.0 
307.0 -15925.0 
283.0 -15785.0 
271.0 -15243.0 
310.0 -15549.0 
311.0 -15774.0 
304.0 -15489.0 
272.0 -14658.0 
278.0 -15177.0 
331.0 -15221.0 
316.0 -14536.0 
316.0 -14536.0 
294.0 -13979.0 
423.0 -27410.0 
279.0 -21345.0 
312.0 -23619.0 
300.0 -23294.0 
425.0 -27538.0 
289.0 -22533.0 
319.0 -23868.0 
283.0 -21396.0 
329.0 -24271.0 
284.0 -22069.0 
335.0 -25935.0 
264.0 -20362.0 
390.0 -27279.0 
356.0 -27167.0 
302.0 -23173.0 
453.0 -27501.0 
449.0 -27310.0 
297.0 -22499.0 
324.0 -23280.0 
287.0 -20852.0 
336.0 -23626.0 
335.0 -23446.0 
335.0 -23446.0 
338.0 -24282.0 
340.0 -25658.0 
284.0 -20173.0 
277.0 -20112.0 
266.0 -18780.0 
414.0 -27002.0 
435.0 -27108.0 
384.0 -26542.0 
309.0 -22799.0 
471.0 -27406.0 
298.0 -21733.0 
330.0 -23172.0 
295.0 -20719.0 
288.0 -20628.0 
373.0 -25650.0 
341.0 -25499.0 
278.0 -20106.0 
277.0 -17913.0 
273.0 -17596.0 
433.0 -26926.0 
417.0 -26785.0 
421.0 -26880.0 
452.0 -27086.0 
394.0 -26486.0 
310.0 -22467.0 
300.0 -21080.0 
304.0 -21581.0 
330.0 -22907.0 
293.0 -20213.0 
296.0 -20319.0 
380.0 -25562.0 
344.0 -25265.0 
359.0 -25490.0 
342.0 -24056.0 
279.0 -19898.0 
274.0 -17436.0 
431.0 -26858.0 
429.0 -26651.0 
464.0 -26906.0 
411.0 -26364.0 
400.0 -26331.0 
279.0 -17779.0 
457.0 -26856.0 
365.0 -25300.0 
439.0 -26851.0 
402.0 -25814.0 
408.0 -26257.0 
280.0 -19149.0 
360.0 -24229.0 
342.0 -23953.0 
283.0 -19887.0 
297.0 -20082.0 
341.0 -22791.0 
318.0 -22278.0 
302.0 -20678.0 
