211.0 -18949.0 
201.0 -16571.0 
177.0 -15633.0 
207.0 -17658.0 
227.0 -18543.0 
219.0 -18226.0 
202.0 -16509.0 
183.0 -15077.0 
194.0 -15361.0 
210.0 -16796.0 
213.0 -17442.0 
211.0 -17392.0 
212.0 -17412.0 
233.0 -17955.0 
230.0 -17897.0 
233.0 -17955.0 
219.0 -17776.0 
227.0 -17889.0 
236.0 -17957.0 
222.0 -17870.0 
203.0 -16368.0 
203.0 -16368.0 
202.0 -15512.0 
185.0 -15029.0 
197.0 -15350.0 
197.0 -15350.0 
210.0 -16717.0 
212.0 -17273.0 
238.0 -17949.0 
222.0 -17736.0 
203.0 -16012.0 
194.0 -14630.0 
192.0 -14315.0 
197.0 -14928.0 
214.0 -17212.0 
212.0 -17075.0 
238.0 -17767.0 
241.0 -17803.0 
237.0 -17691.0 
229.0 -17639.0 
228.0 -17338.0 
227.0 -17324.0 
206.0 -15709.0 
200.0 -14748.0 
205.0 -14772.0 
200.0 -14748.0 
216.0 -17168.0 
212.0 -17053.0 
249.0 -17726.0 
247.0 -17652.0 
240.0 -17629.0 
229.0 -17626.0 
208.0 -15637.0 
208.0 -15637.0 
206.0 -15316.0 
202.0 -14739.0 
227.0 -17126.0 
223.0 -17110.0 
213.0 -16983.0 
215.0 -16997.0 
212.0 -15913.0 
231.0 -17237.0 
239.0 -17439.0 
241.0 -17545.0 
241.0 -17545.0 
244.0 -17570.0 
253.0 -17594.0 
209.0 -15375.0 
207.0 -14625.0 
203.0 -14545.0 
228.0 -17038.0 
214.0 -16363.0 
216.0 -16983.0 
212.0 -15832.0 
231.0 -17098.0 
237.0 -17110.0 
240.0 -17356.0 
241.0 -17480.0 
247.0 -17510.0 
248.0 -17525.0 
253.0 -17550.0 
209.0 -14750.0 
210.0 -14919.0 
204.0 -14037.0 
204.0 -14037.0 
230.0 -16989.0 
214.0 -16359.0 
214.0 -16359.0 
228.0 -16938.0 
220.0 -16654.0 
223.0 -16863.0 
218.0 -16481.0 
219.0 -16520.0 
212.0 -15155.0 
212.0 -15155.0 
250.0 -17522.0 
205.0 -13983.0 
210.0 -14775.0 
214.0 -15838.0 
223.0 -16697.0 
