211.0 -18949.0 
177.0 -15633.0 
185.0 -18062.0 
184.0 -16942.0 
199.0 -18237.0 
182.0 -15739.0 
227.0 -18543.0 
219.0 -18500.0 
180.0 -15060.0 
189.0 -16125.0 
195.0 -16543.0 
201.0 -18035.0 
199.0 -17076.0 
183.0 -15077.0 
219.0 -18226.0 
229.0 -18246.0 
182.0 -14436.0 
190.0 -15501.0 
215.0 -18025.0 
207.0 -17875.0 
204.0 -16763.0 
201.0 -16622.0 
200.0 -16130.0 
185.0 -15029.0 
221.0 -18186.0 
194.0 -15361.0 
192.0 -15085.0 
195.0 -15439.0 
207.0 -17658.0 
216.0 -17824.0 
201.0 -16571.0 
188.0 -14598.0 
227.0 -17889.0 
222.0 -17870.0 
233.0 -17955.0 
233.0 -17955.0 
236.0 -17957.0 
229.0 -17911.0 
241.0 -18113.0 
194.0 -14733.0 
195.0 -15355.0 
210.0 -16796.0 
211.0 -17392.0 
212.0 -17412.0 
213.0 -17639.0 
208.0 -16752.0 
219.0 -17776.0 
202.0 -16509.0 
204.0 -16547.0 
206.0 -16549.0 
192.0 -14315.0 
224.0 -17798.0 
238.0 -17949.0 
230.0 -17897.0 
229.0 -17865.0 
194.0 -14630.0 
197.0 -15350.0 
197.0 -15350.0 
212.0 -17273.0 
213.0 -17442.0 
210.0 -16717.0 
222.0 -17736.0 
203.0 -16368.0 
203.0 -16368.0 
202.0 -15512.0 
207.0 -16504.0 
224.0 -17772.0 
237.0 -17879.0 
197.0 -14928.0 
200.0 -15011.0 
201.0 -15345.0 
197.0 -14928.0 
212.0 -17075.0 
214.0 -17212.0 
203.0 -16012.0 
203.0 -16012.0 
204.0 -16310.0 
208.0 -16497.0 
229.0 -17639.0 
224.0 -17465.0 
238.0 -17767.0 
241.0 -17803.0 
237.0 -17691.0 
237.0 -17691.0 
247.0 -17879.0 
198.0 -14733.0 
199.0 -14859.0 
212.0 -17053.0 
216.0 -17168.0 
215.0 -17104.0 
203.0 -15372.0 
206.0 -15709.0 
205.0 -15530.0 
207.0 -16151.0 
211.0 -16333.0 
248.0 -17862.0 
199.0 -14222.0 
239.0 -17753.0 
200.0 -14748.0 
206.0 -15316.0 
