233.0 -17955.0 
230.0 -17897.0 
233.0 -17955.0 
213.0 -17442.0 
203.0 -16368.0 
212.0 -17053.0 
210.0 -16796.0 
219.0 -17776.0 
227.0 -17889.0 
185.0 -15029.0 
197.0 -15350.0 
214.0 -17212.0 
208.0 -15637.0 
208.0 -15637.0 
213.0 -16983.0 
210.0 -16717.0 
238.0 -17767.0 
237.0 -17691.0 
231.0 -17237.0 
194.0 -14630.0 
197.0 -14928.0 
216.0 -17168.0 
212.0 -15832.0 
214.0 -16359.0 
249.0 -17726.0 
239.0 -17439.0 
240.0 -17629.0 
210.0 -14775.0 
209.0 -14750.0 
202.0 -14739.0 
227.0 -17126.0 
223.0 -17110.0 
216.0 -16983.0 
212.0 -15155.0 
215.0 -15546.0 
241.0 -17545.0 
241.0 -17545.0 
240.0 -17356.0 
207.0 -14625.0 
204.0 -14037.0 
230.0 -16989.0 
232.0 -17082.0 
227.0 -16843.0 
228.0 -16938.0 
218.0 -16399.0 
216.0 -16267.0 
247.0 -17510.0 
248.0 -17525.0 
242.0 -17385.0 
214.0 -14220.0 
205.0 -13983.0 
227.0 -16667.0 
240.0 -16725.0 
224.0 -16325.0 
216.0 -16124.0 
218.0 -16252.0 
250.0 -17522.0 
248.0 -16811.0 
249.0 -17004.0 
214.0 -14109.0 
205.0 -13703.0 
212.0 -13958.0 
232.0 -16560.0 
241.0 -16709.0 
231.0 -16277.0 
217.0 -15876.0 
218.0 -15945.0 
228.0 -16189.0 
224.0 -15999.0 
253.0 -17357.0 
252.0 -17081.0 
265.0 -17359.0 
253.0 -17357.0 
251.0 -17067.0 
248.0 -16802.0 
232.0 -16338.0 
244.0 -16633.0 
243.0 -16603.0 
217.0 -14667.0 
222.0 -15821.0 
218.0 -15652.0 
230.0 -15999.0 
260.0 -17186.0 
266.0 -17196.0 
265.0 -17193.0 
265.0 -17193.0 
267.0 -17315.0 
257.0 -17028.0 
251.0 -16896.0 
249.0 -16726.0 
250.0 -16734.0 
217.0 -14256.0 
267.0 -17281.0 
218.0 -15599.0 
224.0 -15774.0 
233.0 -16258.0 
248.0 -16558.0 
262.0 -17160.0 
232.0 -16199.0 
256.0 -16857.0 
