0.009535020677108692
0.006784325872089778
0.0065558095441905165
0.006142421167578687
0.005080976117589403
0.0077933669592826
0.017235118659688527
0.011447691958033974
0.008002859424883178
0.009993087592380146
0.011170249896905916
0.0077502917329587695
0.009371139855488412
0.011793894953003672
0.006555148768367179
0.006413850381945204
0.009046224605442877
0.013370864045770894
0.007777515562280119
0.007295139760731545
0.010667616931613638
0.009935459926180367
0.009804053232123994
0.011894545722232218
0.006359421677237492
0.007673455405946324
0.014998649099811946
0.0070070964499744995
0.00945430025788036
0.00913477340133234
