0.007936015135034348
0.00930873324025279
0.006509448505991743
0.01679617555498122
0.006430937048592355
0.012680647208819272
0.01652578887766069
0.008465045516532654
0.012758905728653772
0.006942794596258908
0.010643513715642297
0.009406991138716932
0.01180769251755195
0.00655532555706555
0.016524429711637853
0.00722636155911894
0.010404932698397772
0.007325013356964119
0.009691598605190364
0.013413966196540164
0.015480971839451602
0.015615296460009358
0.006733931516074328
0.005829214509222746
0.008877771720578765
0.007270153442230867
0.006675198318860714
0.00943925818096024
0.012454120119978903
0.006901484095722583
