0.0018874214605321858
0.0012762542244235218
3.558001468611825E-4
0.0017613665848133
0.0014229702091462296
0.0019146855041513742
4.4884932516346866E-4
0.0010903240999249372
4.5771137809585185E-4
0.0010162676877580412
0.0010972261376535751
5.000335604370895E-4
7.765107020402762E-4
0.0012135840082603084
6.859906361992407E-4
8.362032606992988E-4
6.920463513672359E-4
0.0011237578619572072
2.9410409898163994E-4
3.6469532032164893E-4
1.9492996144605094E-4
9.059083301260274E-4
9.773949870290882E-4
8.70013365639042E-4
0.0011447801027147566
2.089210919703981E-4
0.002530625935968975
0.001164423233232239
0.002103622128989822
0.001276614237653875
