0.010055791054206105
0.010396291336083989
0.009719630524092077
0.007501383462417715
0.009417186521714216
0.004800252514592488
0.00828255398017078
0.009313340917711495
0.00917435955246429
0.005436549104888232
0.008768281475858062
0.007941626742178595
0.006615454468218008
0.006318896287396194
0.01310492431487228
0.007944945528733179
0.012002365599625637
0.010448689764004808
0.008737170675344704
0.009957267094538444
0.00821716814886761
0.006751351112360728
0.0060733572185614855
0.011470179465126873
0.007343315933994693
0.009401404202671557
0.012442077488310088
0.010774168762855647
0.008289870835321383
0.005664779501975364
