0.00613994558793853
0.0045893355603339675
0.006121718398474358
0.004414377398151165
0.0038923249677190897
0.0061390659131070075
0.0031238485470279197
0.00903808459888092
0.006084287956605045
0.005894674700886418
0.0062565950203334565
0.006157648617794249
0.009386793010340979
0.006175070165114998
0.007329936582294753
0.0038566416652464166
0.01030787682855682
0.006461627008347854
0.0046072664174718735
0.0049557799777684005
0.010994177918693893
0.009183155453385106
0.008475572442466656
0.007427783191913428
0.004511751834178744
0.0059976033568244925
0.003980347080758478
