0.015973585650533403
0.0181430546744693
0.018339906550489126
0.016700811769226366
0.013777329441116445
0.012495931370377876
0.017400296196785594
0.021005621899300383
0.015038864136925524
0.01337406398924302
0.012002236509292302
0.013565646042529921
0.017348981930477
0.007349438970739678
0.010375892958193664
0.01648125990718574
0.011509280718168712
0.014319137601482623
0.013125855243676852
0.012491312745719933
0.01246838147972822
0.015744555713738676
0.014732381531188634
0.0143401134253749
0.01538241905612112
0.0155128752504747
0.013622455155337035
0.01494024806580701
0.018746094007878453
0.012126805049509932
